# File generated by CMD 3.9 (http://stev.oapd.inaf.it/cmd) on Mon May 18 07:03:00 UTC 2026
# isochrones based on PARSEC release v1.2S +  COLIBRI S_37 + S_35 + PR16
# Basic references: Bressan et al. (2012), MNRAS, 427, 127 + Chen et al. (2014, 2015), MNRAS, 444, 2525 + MNRAS, 452, 1068 + Tang et al. (2014), MNRAS, 445, 4287 + Marigo et al. (2017), ApJ, 835, 77 + Pastorelli al. (2019), MNRAS, 485, 5666 + Pastorelli al. (2020), MNRAS, in press
# Thermal pulse cycles included 
# On RGB, assumed Reimers mass loss with efficiency eta=0.2
# LPV periods and growth rates added cf. Trabucchi et al. (2019)
# but fundamental-mode LPV periods + transition are from Trabucchi et al. (2021)
# Photometric system: <i>UBVRIJHK</i> (cf. Maiz-Apellaniz 2006 + Bessell 1990)
# Using YBC version of bolometric corrections as in Chen et al. (2019)
# O-rich circumstellar dpmod60alox40 dust from Groenewegen (2006)
# C-rich circumstellar AMCSIC15 dust from Groenewegen (2006)
# IMF: Kroupa (2001, 2002) + Kroupa et al. (2013) canonical two-part-power law IMF corrected for unresolved binaries 
# Kind of output: isochrone tables
# Zini     MH   logAge Mini        int_IMF         Mass   logL    logTe  logg  label   McoreTP C_O  period0  period1  period2  period3  period4  pmode  Mloss  tau1m   X   Y   Xc  Xn  Xo  Cexcess  Z 	 mbolmag  Umag    Bmag    Vmag    Rmag    Imag    Jmag    Hmag    Kmag
0.0152 0.01508 7.68000 0.0900000036 1.0816895926    0.090 -2.526  3.4040  4.487    0  0.000  0.545     0.00     0.00     0.00     0.00     0.00 -1 -7.21e-16      0.00 7.092e-01 2.755e-01 2.746e-03 7.408e-04 6.719e-03 -1.000 1.527e-02 11.086 19.115 17.240 15.635 13.680 11.518 9.014 8.423 8.064
0.0152 0.01508 7.68000 0.0920620635 1.1011540575    0.092 -2.511  3.4059  4.489    0  0.000  0.545     0.00     0.00     0.00     0.00     0.00 -1 -7.37e-16      0.00 7.092e-01 2.755e-01 2.746e-03 7.408e-04 6.719e-03 -1.000 1.527e-02 11.047 19.080 17.203 15.598 13.642 11.480 8.976 8.385 8.026
0.0152 0.01508 7.68000 0.1000000015 1.1711064122    0.100 -2.451  3.4130  4.493    0  0.000  0.545     0.00     0.00     0.00     0.00     0.00 -1 -8.06e-16      0.00 7.092e-01 2.755e-01 2.746e-03 7.408e-04 6.719e-03 -1.000 1.527e-02 10.899 18.939 17.058 15.451 13.494 11.331 8.827 8.236 7.878
0.0152 0.01508 7.68000 0.1053174064 1.2140491925    0.105 -2.416  3.4171  4.497    0  0.000  0.545     0.00     0.00     0.00     0.00     0.00 -1 -8.48e-16      0.00 7.092e-01 2.755e-01 2.746e-03 7.408e-04 6.719e-03 -1.000 1.527e-02 10.811 18.807 16.935 15.329 13.383 11.228 8.742 8.150 7.792
0.0152 0.01508 7.68000 0.1183403581 1.3082780437    0.118 -2.334  3.4269  4.504    0  0.000  0.545     0.00     0.00     0.00     0.00     0.00 -1 -9.59e-16      0.00 7.092e-01 2.755e-01 2.746e-03 7.408e-04 6.719e-03 -1.000 1.527e-02 10.604 18.216 16.435 14.842 12.986 10.900 8.553 7.959 7.607
0.0152 0.01508 7.68000 0.1200000122 1.3193155232    0.120 -2.324  3.4281  4.505    0  0.000  0.545     0.00     0.00     0.00     0.00     0.00 -1 -9.74e-16      0.00 7.092e-01 2.755e-01 2.746e-03 7.408e-04 6.719e-03 -1.000 1.527e-02 10.579 18.134 16.366 14.775 12.932 10.857 8.531 7.936 7.585
0.0152 0.01508 7.68000 0.1357487291 1.4150588361    0.136 -2.239  3.4379  4.513    0  0.000  0.545     0.00     0.00     0.00     0.00     0.00 -1  -1.1e-15      0.00 7.092e-01 2.755e-01 2.746e-03 7.408e-04 6.719e-03 -1.000 1.527e-02 10.368 17.522 15.841 14.274 12.524 10.521 8.339 7.742 7.399
0.0152 0.01508 7.68000 0.1400000006 1.4384526719    0.140 -2.218  3.4403  4.515    0  0.000  0.545     0.00     0.00     0.00     0.00     0.00 -1 -1.14e-15      0.00 7.092e-01 2.755e-01 2.746e-03 7.408e-04 6.719e-03 -1.000 1.527e-02 10.314 17.371 15.712 14.150 12.423 10.438 8.290 7.692 7.352
0.0152 0.01508 7.68000 0.1599999964 1.5372931554    0.160 -2.129  3.4503  4.524    0  0.000  0.545     0.00     0.00     0.00     0.00     0.00 -1 -1.29e-15      0.00 7.092e-01 2.755e-01 2.746e-03 7.408e-04 6.719e-03 -1.000 1.527e-02 10.092 16.771 15.189 13.650 12.012 10.100 8.088 7.487 7.156
0.0152 0.01508 7.68000 0.2000000030 1.6938790862    0.200 -1.980  3.4663  4.537    0  0.000  0.545     0.00     0.00     0.00     0.00     0.00 -1  -1.6e-15      0.00 7.092e-01 2.755e-01 2.746e-03 7.408e-04 6.719e-03 -1.000 1.527e-02 9.721 15.850 14.370 12.853 11.351 9.570 7.753 7.146 6.832
0.0152 0.01508 7.68000 0.2265513837 1.7768953401    0.227 -1.900  3.4747  4.544    0  0.000  0.545     0.00     0.00     0.00     0.00     0.00 -1  -1.8e-15      0.00 7.092e-01 2.755e-01 2.746e-03 7.408e-04 6.719e-03 -1.000 1.527e-02 9.521 15.395 13.958 12.454 11.015 9.299 7.571 6.961 6.656
0.0152 0.01508 7.68000 0.2500000000 1.8403257998    0.250 -1.836  3.4812  4.548    0  0.000  0.545     0.00     0.00     0.00     0.00     0.00 -1 -1.98e-15      0.00 7.092e-01 2.755e-01 2.746e-03 7.408e-04 6.719e-03 -1.000 1.527e-02 9.359 15.041 13.634 12.139 10.747 9.085 7.424 6.811 6.514
0.0152 0.01508 7.68000 0.2761035860 1.9024183729    0.276 -1.773  3.4875  4.554    0  0.000  0.545     0.00     0.00     0.00     0.00     0.00 -1 -2.16e-15      0.00 7.092e-01 2.755e-01 2.746e-03 7.408e-04 6.719e-03 -1.000 1.527e-02 9.202 14.710 13.325 11.830 10.481 8.880 7.283 6.666 6.376
0.0152 0.01508 7.68000 0.3000000119 1.9529139769    0.300 -1.720  3.4929  4.559    0  0.000  0.545     0.00     0.00     0.00     0.00     0.00 -1 -2.32e-15      0.00 7.092e-01 2.755e-01 2.746e-03 7.408e-04 6.719e-03 -1.000 1.527e-02 9.070 14.444 13.076 11.588 10.272 8.714 7.164 6.544 6.260
0.0152 0.01508 7.68000 0.3124602437 1.9772143619    0.312 -1.694  3.4954  4.561    0  0.000  0.545     0.00     0.00     0.00     0.00     0.00 -1 -2.41e-15      0.00 7.092e-01 2.755e-01 2.746e-03 7.408e-04 6.719e-03 -1.000 1.527e-02 9.005 14.321 12.960 11.477 10.176 8.634 7.105 6.483 6.202
0.0152 0.01508 7.68000 0.3500000238 2.0434175133    0.350 -1.620  3.5023  4.563    0  0.000  0.545     0.00     0.00     0.00     0.00     0.00 -1  -2.7e-15      0.00 7.092e-01 2.755e-01 2.746e-03 7.408e-04 6.719e-03 -1.000 1.527e-02 8.819 13.979 12.637 11.169 9.907 8.410 6.934 6.307 6.034
0.0152 0.01508 7.68000 0.3747031689 2.0821427739    0.375 -1.573  3.5069  4.565    0  0.000  0.545     0.00     0.00     0.00     0.00     0.00 -1  -2.9e-15      0.00 7.092e-01 2.755e-01 2.746e-03 7.408e-04 6.719e-03 -1.000 1.527e-02 8.704 13.768 12.435 10.977 9.739 8.272 6.829 6.198 5.930
0.0152 0.01508 7.68000 0.4000000358 2.1185024810    0.400 -1.529  3.5113  4.566    0  0.000  0.545     0.00     0.00     0.00     0.00     0.00 -1  -3.1e-15      0.00 7.092e-01 2.755e-01 2.746e-03 7.408e-04 6.719e-03 -1.000 1.527e-02 8.591 13.568 12.244 10.794 9.579 8.139 6.727 6.092 5.829
0.0152 0.01508 7.68000 0.4500000477 2.1822809714    0.450 -1.440  3.5204  4.565    0  0.000  0.545     0.00     0.00     0.00     0.00     0.00 -1 -3.59e-15      0.00 7.092e-01 2.755e-01 2.746e-03 7.408e-04 6.719e-03 -1.000 1.527e-02 8.371 13.180 11.868 10.432 9.259 7.879 6.528 5.885 5.630
0.0152 0.01508 7.68000 0.4614452124 2.1955918011    0.461 -1.420  3.5228  4.565    0  0.000  0.545     0.00     0.00     0.00     0.00     0.00 -1 -3.72e-15      0.00 7.092e-01 2.755e-01 2.746e-03 7.408e-04 6.719e-03 -1.000 1.527e-02 8.319 13.089 11.778 10.344 9.183 7.818 6.482 5.837 5.585
0.0152 0.01508 7.68000 0.5000000000 2.2374541529    0.500 -1.353  3.5299  4.562    0  0.000  0.545     0.00     0.00     0.00     0.00     0.00 -1 -4.17e-15      0.00 7.092e-01 2.755e-01 2.746e-03 7.408e-04 6.719e-03 -1.000 1.527e-02 8.153 12.808 11.499 10.075 8.944 7.626 6.335 5.682 5.436
0.0152 0.01508 7.68000 0.5215529799 2.2586207272    0.521 -1.315  3.5345  4.560    0  0.000  0.545     0.00     0.00     0.00     0.00     0.00 -1 -4.47e-15      0.00 7.092e-01 2.755e-01 2.746e-03 7.408e-04 6.719e-03 -1.000 1.527e-02 8.058 12.646 11.336 9.919 8.805 7.515 6.250 5.594 5.352
0.0152 0.01508 7.68000 0.5500000119 2.2836582633    0.550 -1.258  3.5409  4.552    0  0.000  0.545     0.00     0.00     0.00     0.00     0.00 -1    -5e-15      0.00 7.092e-01 2.755e-01 2.746e-03 7.408e-04 6.719e-03 -1.000 1.527e-02 7.916 12.413 11.100 9.692 8.604 7.353 6.125 5.463 5.226
0.0152 0.01508 7.68000 0.5944954157 2.3173507086    0.594 -1.166  3.5538  4.545    0  0.000  0.545     0.00     0.00     0.00     0.00     0.00 -1 -5.99e-15      0.00 7.092e-01 2.755e-01 2.746e-03 7.408e-04 6.719e-03 -1.000 1.527e-02 7.685 12.021 10.693 9.295 8.251 7.087 5.928 5.255 5.029
0.0152 0.01508 7.68000 0.6000000238 2.3211213258    0.600 -1.154  3.5555  4.544    0  0.000  0.545     0.00     0.00     0.00     0.00     0.00 -1 -6.13e-15      0.00 7.092e-01 2.755e-01 2.746e-03 7.408e-04 6.719e-03 -1.000 1.527e-02 7.655 11.971 10.639 9.242 8.203 7.052 5.903 5.229 5.004
0.0152 0.01508 7.68000 0.6026809216 2.3229290646    0.602 -1.148  3.5565  4.544    0  0.000  0.545     0.00     0.00     0.00     0.00     0.00 -1 -6.19e-15      0.00 7.092e-01 2.755e-01 2.746e-03 7.408e-04 6.719e-03 -1.000 1.527e-02 7.640 11.945 10.612 9.215 8.180 7.035 5.891 5.216 4.992
0.0152 0.01508 7.68000 0.6310827136 2.3410008953    0.631 -1.069  3.5692  4.536    0  0.000  0.545     0.00     0.00     0.00     0.00     0.00 -1 -7.29e-15      0.00 7.092e-01 2.755e-01 2.746e-03 7.408e-04 6.718e-03 -1.000 1.527e-02 7.443 11.609 10.251 8.860 7.862 6.809 5.729 5.044 4.833
0.0152 0.01508 7.68000 0.6499999762 2.3520353107    0.650 -1.013  3.5789  4.532    0  0.000  0.545     0.00     0.00     0.00     0.00     0.00 -1 -8.19e-15      0.00 7.092e-01 2.755e-01 2.746e-03 7.407e-04 6.718e-03 -1.000 1.527e-02 7.304 11.372 9.996 8.610 7.637 6.653 5.616 4.922 4.724
0.0152 0.01508 7.68000 0.6500884891 2.3520852069    0.650 -1.013  3.5789  4.532    0  0.000  0.545     0.00     0.00     0.00     0.00     0.00 -1  -8.2e-15      0.00 7.092e-01 2.755e-01 2.746e-03 7.407e-04 6.718e-03 -1.000 1.527e-02 7.303 11.371 9.995 8.609 7.636 6.652 5.616 4.922 4.724
0.0152 0.01508 7.68000 0.6714813113 2.3637024620    0.672 -0.940  3.5933  4.530    0  0.000  0.545     0.00     0.00     0.00     0.00     0.00 -1 -9.55e-15      0.00 7.092e-01 2.755e-01 2.746e-03 7.407e-04 6.718e-03 -1.000 1.527e-02 7.120 11.050 9.645 8.279 7.340 6.451 5.470 4.764 4.589
0.0152 0.01508 7.68000 0.6916101575 2.3738820430    0.692 -0.864  3.6091  4.530    0  0.000  0.545     0.00     0.00     0.00     0.00     0.00 -1 -1.12e-14      0.00 7.092e-01 2.755e-01 2.746e-03 7.407e-04 6.718e-03 -1.000 1.527e-02 6.930 10.711 9.271 7.943 7.042 6.244 5.317 4.606 4.456
0.0152 0.01508 7.68000 0.7000000477 2.3779267258    0.700 -0.831  3.6162  4.531    0  0.000  0.545     0.00     0.00     0.00     0.00     0.00 -1  -1.2e-14      0.00 7.092e-01 2.755e-01 2.746e-03 7.407e-04 6.718e-03 -1.000 1.527e-02 6.848 10.552 9.104 7.797 6.913 6.155 5.250 4.543 4.403
0.0152 0.01508 7.68000 0.7083936930 2.3818631640    0.708 -0.790  3.6282  4.543    0  0.000  0.544     0.00     0.00     0.00     0.00     0.00 -1 -1.29e-14      0.00 7.092e-01 2.755e-01 2.739e-03 7.406e-04 6.718e-03 -1.000 1.527e-02 6.746 10.300 8.849 7.585 6.733 6.043 5.176 4.481 4.358
0.0152 0.01508 7.68000 0.7205659151 2.3873847336    0.721 -0.732  3.6449  4.559    0  0.000  0.542     0.00     0.00     0.00     0.00     0.00 -1 -1.44e-14      0.00 7.092e-01 2.755e-01 2.730e-03 7.403e-04 6.719e-03 -1.000 1.527e-02 6.600 9.857 8.478 7.287 6.487 5.887 5.076 4.405 4.303
0.0152 0.01508 7.68000 0.7315247655 2.3921755486    0.732 -0.681  3.6590  4.571    0  0.000  0.540     0.00     0.00     0.00     0.00     0.00 -1 -1.58e-14      0.00 7.092e-01 2.755e-01 2.722e-03 7.401e-04 6.719e-03 -1.000 1.527e-02 6.473 9.408 8.159 7.037 6.289 5.748 4.989 4.360 4.269
0.0152 0.01508 7.68000 0.7415348887 2.3964096060    0.742 -0.637  3.6709  4.581    0  0.000  0.539     0.00     0.00     0.00     0.00     0.00 -1 -1.72e-14      0.00 7.092e-01 2.755e-01 2.715e-03 7.399e-04 6.719e-03 -1.000 1.527e-02 6.363 9.028 7.900 6.836 6.134 5.630 4.914 4.323 4.239
0.0152 0.01508 7.68000 0.7500000000 2.3998889087    0.750 -0.602  3.6801  4.587    0  0.000  0.538     0.00     0.00     0.00     0.00     0.00 -1 -1.84e-14      0.00 7.092e-01 2.755e-01 2.709e-03 7.397e-04 6.719e-03 -1.000 1.527e-02 6.275 8.723 7.700 6.681 6.017 5.537 4.855 4.297 4.216
0.0152 0.01508 7.68000 0.7534633279 2.4012865049    0.753 -0.590  3.6824  4.586    0  0.000  0.538     0.00     0.00     0.00     0.00     0.00 -1 -1.89e-14      0.00 7.092e-01 2.755e-01 2.709e-03 7.397e-04 6.719e-03 -1.000 1.527e-02 6.244 8.646 7.645 6.636 5.980 5.506 4.832 4.280 4.201
0.0152 0.01508 7.68000 0.7724313140 2.4086859367    0.772 -0.540  3.6918  4.584    0  0.000  0.538     0.00     0.00     0.00     0.00     0.00 -1 -2.11e-14      0.00 7.092e-01 2.755e-01 2.709e-03 7.397e-04 6.719e-03 -1.000 1.527e-02 6.119 8.331 7.420 6.454 5.832 5.379 4.736 4.212 4.138
0.0152 0.01508 7.68000 0.8000000119 2.4187244405    0.800 -0.480  3.7035  4.587    0  0.000  0.538     0.00     0.00     0.00     0.00     0.00 -1 -2.38e-14      0.00 7.092e-01 2.755e-01 2.709e-03 7.397e-04 6.718e-03 -1.000 1.527e-02 5.969 7.943 7.155 6.239 5.659 5.230 4.627 4.139 4.069
0.0152 0.01508 7.68000 0.8353081346 2.4304747803    0.835 -0.417  3.7163  4.594    0  0.000  0.538     0.00     0.00     0.00     0.00     0.00 -1 -2.68e-14      0.00 7.093e-01 2.755e-01 2.709e-03 7.397e-04 6.718e-03 -1.000 1.523e-02 5.814 7.549 6.888 6.022 5.484 5.078 4.517 4.066 4.002
0.0152 0.01508 7.68000 0.8500000238 2.4350346840    0.850 -0.394  3.7206  4.596    0  0.000  0.538     0.00     0.00     0.00     0.00     0.00 -1 -2.79e-14      0.00 7.093e-01 2.755e-01 2.709e-03 7.397e-04 6.718e-03 -1.000 1.523e-02 5.755 7.414 6.794 5.946 5.420 5.022 4.475 4.035 3.973
0.0152 0.01508 7.68000 0.8647307754 2.4394282129    0.864 -0.374  3.7244  4.599    0  0.000  0.538     0.00     0.00     0.00     0.00     0.00 -1 -2.89e-14      0.00 7.093e-01 2.755e-01 2.709e-03 7.396e-04 6.718e-03 -1.000 1.526e-02 5.706 7.299 6.716 5.881 5.367 4.974 4.439 4.010 3.949
0.0152 0.01508 7.68000 0.9000000358 2.4492786175    0.899 -0.319  3.7330  4.596    0  0.000  0.538     0.00     0.00     0.00     0.00     0.00 -1 -3.23e-14      0.00 7.093e-01 2.754e-01 2.708e-03 7.396e-04 6.717e-03 -1.000 1.527e-02 5.569 7.017 6.514 5.712 5.222 4.843 4.335 3.929 3.871
0.0152 0.01508 7.68000 0.9041665196 2.4503840573    0.904 -0.314  3.7339  4.596    0  0.000  0.538     0.00     0.00     0.00     0.00     0.00 -1 -3.26e-14      0.00 7.093e-01 2.754e-01 2.708e-03 7.396e-04 6.717e-03 -1.000 1.527e-02 5.555 6.988 6.493 5.695 5.207 4.830 4.325 3.921 3.863
0.0152 0.01508 7.68000 0.9425349236 2.4600378345    0.942 -0.249  3.7430  4.585    0  0.000  0.538     0.00     0.00     0.00     0.00     0.00 -1 -3.74e-14      0.00 7.093e-01 2.754e-01 2.708e-03 7.395e-04 6.717e-03 -1.000 1.526e-02 5.393 6.673 6.264 5.503 5.041 4.679 4.201 3.819 3.766
0.0152 0.01508 7.68000 0.9500000477 2.4618122009    0.950 -0.233  3.7451  4.581    0  0.000  0.538     0.00     0.00     0.00     0.00     0.00 -1 -3.88e-14      0.00 7.093e-01 2.754e-01 2.708e-03 7.395e-04 6.717e-03 -1.000 1.527e-02 5.353 6.595 6.210 5.457 5.002 4.643 4.171 3.794 3.742
0.0152 0.01508 7.68000 1.0000000000 2.4729154477    1.000 -0.132  3.7578  4.553    0  0.000  0.538     0.00     0.00     0.00     0.00     0.00 -1 -4.92e-14      0.00 7.093e-01 2.754e-01 2.708e-03 7.394e-04 6.716e-03 -1.000 1.527e-02 5.100 6.132 5.872 5.172 4.752 4.413 3.975 3.627 3.581
0.0152 0.01508 7.68000 1.0499999523 2.4828114860    1.050 -0.035  3.7694  4.524    0  0.000  0.538     0.00     0.00     0.00     0.00     0.00 -1 -5.77e-14      0.00 7.094e-01 2.753e-01 2.707e-03 7.393e-04 6.715e-03 -1.000 1.526e-02 4.857 5.720 5.555 4.905 4.515 4.194 3.788 3.465 3.425
0.0152 0.01508 7.68000 1.1000000238 2.4916801480    1.099  0.064  3.7804  4.489    0  0.000  0.538     0.00     0.00     0.00     0.00     0.00 -1 -6.77e-14      0.00 7.095e-01 2.752e-01 2.707e-03 7.391e-04 6.713e-03 -1.000 1.527e-02 4.611 5.330 5.242 4.640 4.278 3.975 3.597 3.297 3.262
0.0152 0.01508 7.68000 1.1499999762 2.4996678137    1.149  0.160  3.7914  4.456    0  0.000  0.538     0.00     0.00     0.00     0.00     0.00 -1 -7.88e-14      0.00 7.096e-01 2.752e-01 2.706e-03 7.388e-04 6.711e-03 -1.000 1.521e-02 4.370 4.973 4.941 4.386 4.049 3.764 3.413 3.134 3.104
0.0152 0.01508 7.68000 1.1860692501 2.5049516576    1.185  0.233  3.8000  4.431    0  0.000  0.538     0.00     0.00     0.00     0.00     0.00 -1 -8.78e-14      0.00 7.097e-01 2.751e-01 2.705e-03 7.387e-04 6.710e-03 -1.000 1.524e-02 4.187 4.711 4.714 4.196 3.878 3.606 3.275 3.014 2.987
0.0152 0.01508 7.68000 1.2000000477 2.5068948796    1.200  0.258  3.8026  4.422    0  0.000  0.538     0.00     0.00     0.00     0.00     0.00 -1 -9.08e-14      0.00 7.097e-01 2.750e-01 2.705e-03 7.387e-04 6.710e-03 -1.000 1.527e-02 4.126 4.628 4.640 4.133 3.821 3.553 3.228 2.972 2.946
0.0152 0.01508 7.68000 1.2500000000 2.5134610955    1.250  0.344  3.8124  4.392    0  0.000  0.538     0.00     0.00     0.00     0.00     0.00 -1 -1.01e-13      0.00 7.097e-01 2.750e-01 2.705e-03 7.387e-04 6.710e-03 -1.000 1.526e-02 3.910 4.340 4.377 3.910 3.619 3.367 3.064 2.827 2.805
0.0152 0.01508 7.68000 1.2999999523 2.5194498592    1.300  0.425  3.8215  4.365    0  0.000  0.538     0.00     0.00     0.00     0.00     0.00 -1  -1.1e-13      0.00 7.097e-01 2.750e-01 2.705e-03 7.386e-04 6.709e-03 -1.000 1.526e-02 3.707 4.089 4.134 3.700 3.427 3.189 2.909 2.689 2.669
0.0152 0.01508 7.68000 1.3500001431 2.5249313723    1.350  0.502  3.8310  4.342    0  0.000  0.538     0.00     0.00     0.00     0.00     0.00 -1 -1.16e-13      0.00 7.098e-01 2.750e-01 2.705e-03 7.386e-04 6.708e-03 -1.000 1.522e-02 3.514 3.853 3.902 3.501 3.246 3.024 2.765 2.565 2.546
0.0152 0.01508 7.68000 1.4000000954 2.5299650415    1.400  0.576  3.8407  4.323    0  0.000  0.538     0.00     0.00     0.00     0.00     0.00 -1 -1.18e-13      0.00 7.098e-01 2.750e-01 2.705e-03 7.386e-04 6.708e-03 -1.000 1.520e-02 3.331 3.638 3.683 3.312 3.076 2.870 2.633 2.452 2.435
0.0152 0.01508 7.68000 1.4500000477 2.5346015836    1.450  0.643  3.8515  4.314    0  0.000  0.538     0.00     0.00     0.00     0.00     0.00 -1 -1.14e-13      0.00 7.098e-01 2.749e-01 2.705e-03 7.385e-04 6.708e-03 -1.000 1.526e-02 3.162 3.438 3.476 3.137 2.922 2.735 2.522 2.362 2.346
0.0152 0.01508 7.68000 1.5000000000 2.5388844597    1.500  0.709  3.8636  4.312    0  0.000  0.538     0.00     0.00     0.00     0.00     0.00 -1 -1.05e-13      0.00 7.099e-01 2.749e-01 2.704e-03 7.385e-04 6.707e-03 -1.000 1.525e-02 2.999 3.248 3.274 2.969 2.778 2.613 2.426 2.288 2.274
0.0152 0.01508 7.68000 1.5499999523 2.5428511323    1.550  0.771  3.8769  4.317    0  0.000  0.538     0.00     0.00     0.00     0.00     0.00 -1 -8.89e-14      0.00 7.099e-01 2.749e-01 2.704e-03 7.384e-04 6.707e-03 -1.000 1.526e-02 2.843 3.070 3.081 2.810 2.645 2.503 2.344 2.230 2.217
0.0152 0.01508 7.68000 1.6000000238 2.5465340628    1.600  0.832  3.8901  4.323    0  0.000  0.538     0.00     0.00     0.00     0.00     0.00 -1 -6.68e-14      0.00 7.099e-01 2.748e-01 2.704e-03 7.383e-04 6.706e-03 -1.000 1.525e-02 2.691 2.901 2.895 2.657 2.518 2.401 2.269 2.177 2.166
0.0152 0.01508 7.68000 1.6500000954 2.5499614852    1.649  0.889  3.9027  4.329    0  0.000  0.538     0.00     0.00     0.00     0.00     0.00 -1 -3.73e-14      0.00 7.100e-01 2.748e-01 2.704e-03 7.382e-04 6.705e-03 -1.000 1.525e-02 2.548 2.744 2.723 2.518 2.403 2.308 2.200 2.127 2.117
0.0152 0.01508 7.68000 1.7000000477 2.5531580802    1.699  0.945  3.9146  4.334    0  0.000  0.538     0.00     0.00     0.00     0.00     0.00 -1    -1e-30      0.00 7.100e-01 2.748e-01 2.703e-03 7.382e-04 6.705e-03 -1.000 1.524e-02 2.408 2.594 2.560 2.387 2.296 2.221 2.134 2.078 2.068
0.0152 0.01508 7.68000 1.7500000000 2.5561455243    1.749  0.998  3.9259  4.338    0  0.000  0.538     0.00     0.00     0.00     0.00     0.00 -1    -1e-30      0.00 7.100e-01 2.748e-01 2.703e-03 7.381e-04 6.705e-03 -1.000 1.525e-02 2.274 2.451 2.409 2.267 2.196 2.139 2.071 2.029 2.021
0.0152 0.01508 7.68000 1.7999999523 2.5589429085    1.799  1.050  3.9366  4.341    0  0.000  0.538     0.00     0.00     0.00     0.00     0.00 -1    -1e-30      0.00 7.100e-01 2.747e-01 2.703e-03 7.381e-04 6.704e-03 -1.000 1.523e-02 2.145 2.313 2.271 2.156 2.104 2.062 2.011 1.980 1.972
0.0152 0.01508 7.68000 1.8500000238 2.5615671203    1.849  1.099  3.9466  4.344    0  0.000  0.538     0.00     0.00     0.00     0.00     0.00 -1    -1e-30      0.00 7.101e-01 2.747e-01 2.703e-03 7.381e-04 6.704e-03 -1.000 1.523e-02 2.023 2.182 2.149 2.058 2.020 1.990 1.954 1.932 1.926
0.0152 0.01508 7.68000 1.9000000954 2.5640331317    1.899  1.147  3.9561  4.346    0  0.000  0.538     0.00     0.00     0.00     0.00     0.00 -1    -1e-30      0.00 7.101e-01 2.747e-01 2.702e-03 7.380e-04 6.703e-03 -1.000 1.523e-02 1.903 2.056 2.036 1.967 1.940 1.920 1.897 1.883 1.879
0.0152 0.01508 7.68000 1.9500001669 2.5663542767    1.950  1.193  3.9653  4.348    1  0.000  0.538     0.00     0.00     0.00     0.00     0.00 -1    -1e-30      0.00 7.101e-01 2.747e-01 2.702e-03 7.380e-04 6.703e-03 -1.000 1.522e-02 1.787 1.936 1.933 1.881 1.864 1.854 1.843 1.835 1.832
0.0152 0.01508 7.68000 2.0000000000 2.5685424513    2.000  1.238  3.9740  4.349    1  0.000  0.538     0.00     0.00     0.00     0.00     0.00 -1    -1e-30      0.00 7.101e-01 2.746e-01 2.702e-03 7.379e-04 6.703e-03 -1.000 1.527e-02 1.675 1.823 1.839 1.803 1.793 1.790 1.791 1.788 1.787
0.0152 0.01508 7.68000 2.0499999523 2.5706083333    2.050  1.281  3.9822  4.349    1  0.000  0.538     0.00     0.00     0.00     0.00     0.00 -1    -1e-30      0.00 7.101e-01 2.746e-01 2.702e-03 7.379e-04 6.702e-03 -1.000 1.524e-02 1.566 1.715 1.750 1.728 1.725 1.729 1.739 1.741 1.742
0.0152 0.01508 7.68000 2.0999999046 2.5725614918    2.099  1.324  3.9900  4.348    1  0.000  0.538     0.00     0.00     0.00     0.00     0.00 -1    -1e-30      0.00 7.102e-01 2.746e-01 2.702e-03 7.378e-04 6.702e-03 -1.000 1.520e-02 1.460 1.612 1.666 1.656 1.658 1.668 1.687 1.693 1.696
0.0152 0.01508 7.68000 2.1500000954 2.5744105556    2.149  1.365  3.9977  4.348    1  0.000  0.538     0.00     0.00     0.00     0.00     0.00 -1    -1e-30      0.00 7.102e-01 2.746e-01 2.702e-03 7.378e-04 6.702e-03 -1.000 1.522e-02 1.358 1.512 1.587 1.589 1.596 1.610 1.638 1.647 1.652
0.0152 0.01508 7.68000 2.2000000477 2.5761632879    2.199  1.405  4.0049  4.347    1  0.000  0.538     0.00     0.00     0.00     0.00     0.00 -1    -1e-30      0.00 7.102e-01 2.746e-01 2.702e-03 7.377e-04 6.702e-03 -1.000 1.527e-02 1.257 1.415 1.510 1.522 1.533 1.552 1.588 1.600 1.607
0.0152 0.01508 7.68000 2.2500000000 2.5778267375    2.249  1.444  4.0119  4.345    1  0.000  0.538     0.00     0.00     0.00     0.00     0.00 -1    -1e-30      0.00 7.102e-01 2.746e-01 2.702e-03 7.377e-04 6.701e-03 -1.000 1.526e-02 1.159 1.321 1.436 1.458 1.472 1.495 1.539 1.553 1.562
0.0152 0.01508 7.68000 2.2999999523 2.5794072884    2.299  1.482  4.0186  4.343    1  0.000  0.538     0.00     0.00     0.00     0.00     0.00 -1    -1e-30      0.00 7.102e-01 2.746e-01 2.702e-03 7.377e-04 6.701e-03 -1.000 1.526e-02 1.064 1.231 1.366 1.395 1.412 1.439 1.490 1.507 1.518
0.0152 0.01508 7.68000 2.4000000954 2.5823423892    2.399  1.556  4.0313  4.339    1  0.000  0.538     0.00     0.00     0.00     0.00     0.00 -1    -1e-30      0.00 7.102e-01 2.746e-01 2.701e-03 7.377e-04 6.700e-03 -1.000 1.522e-02 0.880 1.057 1.232 1.275 1.297 1.330 1.395 1.416 1.430
0.0152 0.01508 7.68000 2.5999999046 2.5874412955    2.600  1.694  4.0545  4.329    1  0.000  0.538     0.00     0.00     0.00     0.00     0.00 -1    -1e-30      0.00 7.092e-01 2.755e-01 2.710e-03 7.399e-04 6.720e-03 -1.000 1.527e-02 0.535 0.736 0.984 1.048 1.078 1.120 1.209 1.237 1.258
0.0152 0.01508 7.68000 2.8000001907 2.5917117867    2.800  1.822  4.0753  4.316    1  0.000  0.538     0.00     0.00     0.00     0.00     0.00 -1    -1e-30      0.00 7.092e-01 2.755e-01 2.710e-03 7.399e-04 6.720e-03 -1.000 1.527e-02 0.214 0.444 0.758 0.838 0.872 0.922 1.032 1.065 1.092
0.0152 0.01508 7.68000 2.9818501472 2.5950284541    2.982  1.931  4.0925  4.304    1  0.000  0.538     0.00     0.00     0.00     0.00     0.00 -1    -1e-30      0.00 7.092e-01 2.755e-01 2.710e-03 7.399e-04 6.720e-03 -1.000 1.527e-02 -0.057 0.202 0.569 0.659 0.697 0.753 0.878 0.916 0.946
0.0152 0.01508 7.68000 3.0000000000 2.5953341962    3.000  1.941  4.0941  4.302    1  0.000  0.538     0.00     0.00     0.00     0.00     0.00 -1    -1e-30      0.00 7.092e-01 2.755e-01 2.710e-03 7.399e-04 6.720e-03 -1.000 1.527e-02 -0.083 0.179 0.550 0.641 0.680 0.737 0.863 0.902 0.932
0.0152 0.01508 7.68000 3.2000000477 2.5984409005    3.199  2.053  4.1116  4.288    1  0.000  0.538     0.00     0.00     0.00     0.00     0.00 -1    -1e-30      0.00 7.092e-01 2.755e-01 2.710e-03 7.399e-04 6.720e-03 -1.000 1.527e-02 -0.364 -0.066 0.356 0.457 0.500 0.562 0.704 0.746 0.780
0.0152 0.01508 7.68000 3.3849062920 2.6009407830    3.383  2.151  4.1266  4.274    1  0.000  0.538     0.00     0.00     0.00     0.00     0.00 -1    -1e-30      0.00 7.092e-01 2.755e-01 2.710e-03 7.399e-04 6.720e-03 -1.000 1.527e-02 -0.609 -0.275 0.188 0.297 0.342 0.409 0.563 0.609 0.646
0.0152 0.01508 7.68000 3.4000000954 2.6011310876    3.398  2.159  4.1277  4.273    1  0.000  0.538     0.00     0.00     0.00     0.00     0.00 -1    -1e-30      0.00 7.092e-01 2.755e-01 2.710e-03 7.399e-04 6.720e-03 -1.000 1.527e-02 -0.628 -0.291 0.174 0.284 0.330 0.397 0.552 0.598 0.635
0.0152 0.01508 7.68000 3.5690608025 2.6031367787    3.567  2.244  4.1405  4.260    1  0.000  0.538     0.00     0.00     0.00     0.00     0.00 -1    -1e-30      0.00 7.092e-01 2.755e-01 2.710e-03 7.399e-04 6.720e-03 -1.000 1.527e-02 -0.841 -0.472 0.027 0.144 0.192 0.264 0.428 0.477 0.517
0.0152 0.01508 7.68000 3.6000001431 2.6034804607    3.598  2.260  4.1428  4.258    1  0.000  0.538     0.00     0.00     0.00     0.00     0.00 -1    -1e-30      0.00 7.092e-01 2.755e-01 2.710e-03 7.399e-04 6.720e-03 -1.000 1.527e-02 -0.879 -0.504 0.001 0.119 0.168 0.240 0.406 0.456 0.495
0.0152 0.01508 7.68000 3.7724900246 2.6052782985    3.770  2.342  4.1549  4.244    1  0.000  0.538     0.00     0.00     0.00     0.00     0.00 -1    -1e-30      0.00 7.092e-01 2.755e-01 2.710e-03 7.399e-04 6.720e-03 -1.000 1.527e-02 -1.085 -0.675 -0.142 -0.017 0.034 0.110 0.285 0.338 0.380
0.0152 0.01508 7.68000 3.8000001907 2.6055477311    3.798  2.355  4.1567  4.242    1  0.000  0.538     0.00     0.00     0.00     0.00     0.00 -1    -1e-30      0.00 7.092e-01 2.755e-01 2.710e-03 7.399e-04 6.720e-03 -1.000 1.527e-02 -1.117 -0.702 -0.164 -0.039 0.013 0.090 0.266 0.319 0.361
0.0152 0.01508 7.68000 3.9275405407 2.6067403482    3.927  2.414  4.1651  4.231    1  0.000  0.538     0.00     0.00     0.00     0.00     0.00 -1    -1e-30      0.00 7.092e-01 2.755e-01 2.710e-03 7.399e-04 6.720e-03 -1.000 1.527e-02 -1.264 -0.823 -0.266 -0.136 -0.082 -0.003 0.180 0.234 0.278
0.0152 0.01508 7.68000 4.0000000000 2.6073790840    4.001  2.446  4.1697  4.225    1  0.000  0.538     0.00     0.00     0.00     0.00     0.00 -1    -1e-30      0.00 7.092e-01 2.755e-01 2.710e-03 7.399e-04 6.720e-03 -1.000 1.527e-02 -1.346 -0.891 -0.323 -0.191 -0.136 -0.056 0.130 0.186 0.230
0.0152 0.01508 7.68000 4.1299138069 2.6084600118    4.129  2.504  4.1777  4.213    1  0.000  0.538     0.00     0.00     0.00     0.00     0.00 -1    -1e-30      0.00 7.092e-01 2.755e-01 2.710e-03 7.399e-04 6.720e-03 -1.000 1.527e-02 -1.490 -1.010 -0.424 -0.288 -0.231 -0.149 0.043 0.100 0.146
0.0152 0.01508 7.68000 4.1999998093 2.6090113217    4.198  2.535  4.1818  4.206    1  0.000  0.538     0.00     0.00     0.00     0.00     0.00 -1    -1e-30      0.00 7.092e-01 2.755e-01 2.710e-03 7.399e-04 6.720e-03 -1.000 1.527e-02 -1.566 -1.073 -0.479 -0.340 -0.283 -0.199 -0.004 0.054 0.100
0.0152 0.01508 7.68000 4.2385683060 2.6093057806    4.236  2.551  4.1840  4.202    1  0.000  0.538     0.00     0.00     0.00     0.00     0.00 -1    -1e-30      0.00 7.092e-01 2.755e-01 2.710e-03 7.399e-04 6.720e-03 -1.000 1.527e-02 -1.608 -1.107 -0.508 -0.369 -0.310 -0.226 -0.030 0.028 0.076
0.0152 0.01508 7.68000 4.4000000954 2.6104741055    4.397  2.620  4.1930  4.185    1  0.000  0.538     0.00     0.00     0.00     0.00     0.00 -1    -1e-30      0.00 7.092e-01 2.755e-01 2.710e-03 7.399e-04 6.720e-03 -1.000 1.527e-02 -1.780 -1.249 -0.632 -0.487 -0.427 -0.340 -0.137 -0.077 -0.029
0.0152 0.01508 7.68000 4.5353307724 2.6113801855    4.532  2.676  4.2001  4.171    1  0.000  0.538     0.00     0.00     0.00     0.00     0.00 -1    -1e-30      0.00 7.092e-01 2.755e-01 2.710e-03 7.399e-04 6.720e-03 -1.000 1.527e-02 -1.919 -1.365 -0.733 -0.585 -0.523 -0.433 -0.226 -0.165 -0.115
0.0152 0.01508 7.68000 4.5999999046 2.6117915791    4.597  2.702  4.2033  4.164    1  0.000  0.538     0.00     0.00     0.00     0.00     0.00 -1    -1e-30      0.00 7.092e-01 2.755e-01 2.710e-03 7.399e-04 6.720e-03 -1.000 1.527e-02 -1.985 -1.420 -0.782 -0.631 -0.569 -0.478 -0.269 -0.207 -0.156
0.0152 0.01508 7.68000 4.7857508659 2.6129024569    4.783  2.777  4.2122  4.142    1  0.000  0.538     0.00     0.00     0.00     0.00     0.00 -1    -1e-30      0.00 7.092e-01 2.755e-01 2.710e-03 7.399e-04 6.720e-03 -1.000 1.527e-02 -2.172 -1.577 -0.920 -0.765 -0.700 -0.607 -0.392 -0.328 -0.276
0.0152 0.01508 7.68000 4.8000001907 2.6129836005    4.798  2.782  4.2129  4.140    1  0.000  0.538     0.00     0.00     0.00     0.00     0.00 -1    -1e-30      0.00 7.092e-01 2.755e-01 2.710e-03 7.399e-04 6.720e-03 -1.000 1.527e-02 -2.186 -1.589 -0.931 -0.776 -0.710 -0.617 -0.401 -0.338 -0.285
0.0152 0.01508 7.68000 5.0000000000 2.6140666223    4.999  2.861  4.2216  4.115    1  0.000  0.538     0.00     0.00     0.00     0.00     0.00 -1    -1e-30      0.00 7.092e-01 2.755e-01 2.710e-03 7.399e-04 6.720e-03 -1.000 1.527e-02 -2.382 -1.755 -1.080 -0.920 -0.852 -0.757 -0.535 -0.469 -0.415
0.0152 0.01508 7.68000 5.1999998093 2.6150544000    5.200  2.938  4.2296  4.086    1  0.000  0.538     0.00     0.00     0.00     0.00     0.00 -1    -1e-30      0.00 7.092e-01 2.755e-01 2.710e-03 7.399e-04 6.720e-03 -1.000 1.527e-02 -2.574 -1.921 -1.230 -1.065 -0.996 -0.898 -0.671 -0.603 -0.548
0.0152 0.01508 7.68000 5.2027702332 2.6150674708    5.203  2.939  4.2297  4.086    1  0.000  0.538     0.00     0.00     0.00     0.00     0.00 -1    -1e-30      0.00 7.092e-01 2.755e-01 2.710e-03 7.399e-04 6.720e-03 -1.000 1.527e-02 -2.577 -1.923 -1.232 -1.067 -0.998 -0.900 -0.672 -0.605 -0.550
0.0152 0.01508 7.68000 5.3671097755 2.6158151452    5.368  3.002  4.2352  4.059    1  0.000  0.538     0.00     0.00     0.00     0.00     0.00 -1    -1e-30      0.00 7.092e-01 2.755e-01 2.710e-03 7.399e-04 6.720e-03 -1.000 1.527e-02 -2.734 -2.061 -1.360 -1.191 -1.121 -1.021 -0.790 -0.722 -0.665
0.0152 0.01508 7.68000 5.3999996185 2.6159585084    5.401  3.014  4.2363  4.053    1  0.000  0.538     0.00     0.00     0.00     0.00     0.00 -1    -1e-30      0.00 7.092e-01 2.755e-01 2.710e-03 7.399e-04 6.720e-03 -1.000 1.527e-02 -2.765 -2.089 -1.386 -1.217 -1.146 -1.046 -0.814 -0.746 -0.689
0.0152 0.01508 7.68000 5.5335044861 2.6165203724    5.534  3.065  4.2402  4.029    1  0.000  0.538     0.00     0.00     0.00     0.00     0.00 -1    -1e-30      0.00 7.092e-01 2.755e-01 2.710e-03 7.399e-04 6.720e-03 -1.000 1.527e-02 -2.891 -2.202 -1.491 -1.320 -1.248 -1.146 -0.912 -0.843 -0.785
0.0152 0.01508 7.68000 5.5999994278 2.6167887546    5.601  3.090  4.2420  4.017    1  0.000  0.538     0.00     0.00     0.00     0.00     0.00 -1    -1e-30      0.00 7.092e-01 2.755e-01 2.710e-03 7.399e-04 6.720e-03 -1.000 1.527e-02 -2.954 -2.259 -1.544 -1.372 -1.299 -1.197 -0.962 -0.892 -0.835
0.0152 0.01508 7.68000 5.7273077965 2.6172826486    5.728  3.137  4.2450  3.991    1  0.000  0.538     0.00     0.00     0.00     0.00     0.00 -1    -1e-30      0.00 7.092e-01 2.755e-01 2.710e-03 7.399e-04 6.720e-03 -1.000 1.527e-02 -3.073 -2.369 -1.648 -1.474 -1.401 -1.298 -1.061 -0.990 -0.932
0.0152 0.01508 7.68000 5.8000001907 2.6175535027    5.801  3.165  4.2464  3.974    1  0.000  0.538     0.00     0.00     0.00     0.00     0.00 -1    -1e-30      0.00 7.092e-01 2.755e-01 2.710e-03 7.399e-04 6.720e-03 -1.000 1.527e-02 -3.142 -2.434 -1.709 -1.534 -1.461 -1.358 -1.119 -1.049 -0.990
0.0152 0.01508 7.68000 5.8282675743 2.6176567320    5.829  3.175  4.2470  3.968    1  0.000  0.538     0.00     0.00     0.00     0.00     0.00 -1    -1e-30      0.00 7.092e-01 2.755e-01 2.710e-03 7.399e-04 6.720e-03 -1.000 1.527e-02 -3.168 -2.459 -1.733 -1.558 -1.484 -1.380 -1.142 -1.071 -1.012
0.0152 0.01508 7.68000 5.9439125061 2.6180673212    5.944  3.219  4.2486  3.939    1  0.000  0.538     0.00     0.00     0.00     0.00     0.00 -1    -1e-30      0.00 7.092e-01 2.755e-01 2.710e-03 7.399e-04 6.720e-03 -1.000 1.527e-02 -3.278 -2.565 -1.835 -1.659 -1.585 -1.481 -1.241 -1.170 -1.111
0.0152 0.01508 7.68000 6.0000000000 2.6182599138    6.000  3.241  4.2491  3.924    1  0.000  0.538     0.00     0.00     0.00     0.00     0.00 -1    -1e-30      0.00 7.092e-01 2.755e-01 2.710e-03 7.399e-04 6.720e-03 -1.000 1.527e-02 -3.332 -2.618 -1.886 -1.709 -1.635 -1.531 -1.291 -1.220 -1.161
0.0152 0.01508 7.68000 6.0625677109 2.6184699298    6.063  3.264  4.2495  3.906    1  0.000  0.538     0.00     0.00     0.00     0.00     0.00 -1    -1e-30      0.00 7.092e-01 2.755e-01 2.710e-03 7.399e-04 6.720e-03 -1.000 1.527e-02 -3.391 -2.677 -1.943 -1.766 -1.692 -1.588 -1.347 -1.276 -1.217
0.0152 0.01508 7.68000 6.1718950272 2.6188251732    6.172  3.306  4.2496  3.873    1  0.000  0.538     0.00     0.00     0.00     0.00     0.00 -1    -1e-30      0.00 7.092e-01 2.755e-01 2.710e-03 7.399e-04 6.720e-03 -1.000 1.527e-02 -3.494 -2.782 -2.047 -1.870 -1.796 -1.692 -1.451 -1.380 -1.320
0.0152 0.01508 7.68000 6.1999998093 2.6189141709    6.200  3.317  4.2495  3.864    1  0.000  0.538     0.00     0.00     0.00     0.00     0.00 -1    -1e-30      0.00 7.092e-01 2.755e-01 2.710e-03 7.399e-04 6.720e-03 -1.000 1.527e-02 -3.521 -2.810 -2.075 -1.897 -1.824 -1.719 -1.479 -1.408 -1.348
0.0152 0.01508 7.68000 6.3061013222 2.6192419486    6.305  3.357  4.2487  3.827    1  0.000  0.538     0.00     0.00     0.00     0.00     0.00 -1    -1e-30      0.00 7.092e-01 2.755e-01 2.710e-03 7.399e-04 6.720e-03 -1.000 1.527e-02 -3.623 -2.918 -2.182 -2.005 -1.931 -1.827 -1.587 -1.516 -1.457
0.0152 0.01508 7.68000 6.4000000954 2.6195216279    6.399  3.394  4.2469  3.790    1  0.000  0.538     0.00     0.00     0.00     0.00     0.00 -1    -1e-30      0.00 7.092e-01 2.755e-01 2.710e-03 7.399e-04 6.720e-03 -1.000 1.527e-02 -3.715 -3.019 -2.285 -2.108 -2.035 -1.932 -1.692 -1.622 -1.563
0.0152 0.01508 7.68000 6.4262862206 2.6195982397    6.425  3.404  4.2463  3.779    1  0.000  0.538     0.00     0.00     0.00     0.00     0.00 -1    -1e-30      0.00 7.092e-01 2.755e-01 2.710e-03 7.399e-04 6.720e-03 -1.000 1.527e-02 -3.741 -3.048 -2.314 -2.137 -2.064 -1.961 -1.722 -1.652 -1.592
0.0152 0.01508 7.68000 6.5466017723 2.6199398913    6.545  3.451  4.2425  3.725    1  0.000  0.538     0.00     0.00     0.00     0.00     0.00 -1    -1e-30      0.00 7.092e-01 2.755e-01 2.710e-03 7.399e-04 6.720e-03 -1.000 1.527e-02 -3.858 -3.183 -2.454 -2.278 -2.206 -2.105 -1.868 -1.798 -1.740
0.0152 0.01508 7.68000 6.6528139114 2.6202297141    6.650  3.494  4.2372  3.667    1  0.000  0.538     0.00     0.00     0.00     0.00     0.00 -1    -1e-30      0.00 7.092e-01 2.755e-01 2.710e-03 7.399e-04 6.720e-03 -1.000 1.527e-02 -3.965 -3.314 -2.592 -2.417 -2.347 -2.248 -2.014 -1.946 -1.888
0.0152 0.01508 7.68000 6.7393302917 2.6204580451    6.736  3.530  4.2310  3.613    1  0.000  0.538     0.00     0.00     0.00     0.00     0.00 -1    -1e-30      0.00 7.092e-01 2.755e-01 2.710e-03 7.399e-04 6.720e-03 -1.000 1.527e-02 -4.055 -3.429 -2.715 -2.543 -2.475 -2.377 -2.147 -2.081 -2.024
0.0152 0.01508 7.68000 6.8220648766 2.6206701771    6.818  3.565  4.2240  3.555    1  0.000  0.538     0.00     0.00     0.00     0.00     0.00 -1    -1e-30      0.00 7.092e-01 2.755e-01 2.710e-03 7.399e-04 6.720e-03 -1.000 1.527e-02 -4.142 -3.545 -2.842 -2.672 -2.606 -2.511 -2.285 -2.220 -2.164
0.0152 0.01508 7.68000 6.8931450844 2.6208477581    6.889  3.596  4.2166  3.499    1  0.000  0.538     0.00     0.00     0.00     0.00     0.00 -1    -1e-30      0.00 7.092e-01 2.755e-01 2.710e-03 7.399e-04 6.720e-03 -1.000 1.527e-02 -4.220 -3.654 -2.962 -2.795 -2.731 -2.638 -2.417 -2.354 -2.299
0.0152 0.01508 7.68000 6.9631457329 2.6210185734    6.959  3.630  4.2096  3.441    1  0.000  0.538     0.00     0.00     0.00     0.00     0.00 -1    -1e-30      0.00 7.092e-01 2.755e-01 2.710e-03 7.399e-04 6.720e-03 -1.000 1.527e-02 -4.305 -3.768 -3.085 -2.921 -2.859 -2.769 -2.553 -2.491 -2.437
0.0152 0.01508 7.68000 6.9882273674 2.6210788207    6.984  3.643  4.2086  3.425    1  0.000  0.538     0.00     0.00     0.00     0.00     0.00 -1    -1e-30      0.00 7.092e-01 2.755e-01 2.710e-03 7.399e-04 6.720e-03 -1.000 1.527e-02 -4.338 -3.807 -3.125 -2.961 -2.899 -2.810 -2.594 -2.532 -2.479
0.0152 0.01508 7.68000 7.0000000000 2.6211069280    6.996  3.652  4.2112  3.428    1  0.000  0.538     0.00     0.00     0.00     0.00     0.00 -1    -1e-30      0.00 7.092e-01 2.755e-01 2.710e-03 7.399e-04 6.720e-03 -1.000 1.527e-02 -4.359 -3.818 -3.132 -2.967 -2.905 -2.814 -2.596 -2.534 -2.480
0.0152 0.01508 7.68000 7.0126280785 2.6211369570    7.009  3.660  4.2138  3.431    1  0.000  0.538     0.00     0.00     0.00     0.00     0.00 -1    -1e-30      0.00 7.092e-01 2.755e-01 2.710e-03 7.399e-04 6.720e-03 -1.000 1.527e-02 -4.381 -3.831 -3.139 -2.973 -2.910 -2.819 -2.599 -2.536 -2.482
0.0152 0.01508 7.68000 7.0296297073 2.6211771902    7.026  3.678  4.2247  3.458    1  0.000  0.538     0.00     0.00     0.00     0.00     0.00 -1    -1e-30      0.00 7.092e-01 2.755e-01 2.710e-03 7.399e-04 6.720e-03 -1.000 1.527e-02 -4.425 -3.834 -3.124 -2.953 -2.887 -2.792 -2.565 -2.500 -2.444
0.0152 0.01508 7.68000 7.0352525711 2.6211904472    7.031  3.692  4.2357  3.488    1  0.000  0.538     0.00     0.00     0.00     0.00     0.00 -1    -1e-30      0.00 7.092e-01 2.755e-01 2.710e-03 7.399e-04 6.720e-03 -1.000 1.527e-02 -4.459 -3.826 -3.098 -2.922 -2.853 -2.754 -2.520 -2.453 -2.395
0.0152 0.01508 7.68000 7.0378684998 2.6211966064    7.034  3.706  4.2466  3.517    1  0.000  0.538     0.00     0.00     0.00     0.00     0.00 -1    -1e-30      0.00 7.092e-01 2.755e-01 2.710e-03 7.399e-04 6.720e-03 -1.000 1.527e-02 -4.496 -3.822 -3.075 -2.895 -2.823 -2.721 -2.480 -2.410 -2.350
0.0152 0.01508 7.68000 7.0391626358 2.6211996515    7.035  3.722  4.2561  3.540    1  0.000  0.538     0.00     0.00     0.00     0.00     0.00 -1    -1e-30      0.00 7.092e-01 2.755e-01 2.710e-03 7.399e-04 6.720e-03 -1.000 1.527e-02 -4.535 -3.825 -3.062 -2.878 -2.804 -2.698 -2.452 -2.380 -2.318
0.0152 0.01508 7.68000 7.0400042534 2.6212016312    7.036  3.739  4.2649  3.558    1  0.000  0.538     0.00     0.00     0.00     0.00     0.00 -1    -1e-30      0.00 7.092e-01 2.755e-01 2.710e-03 7.399e-04 6.720e-03 -1.000 1.527e-02 -4.577 -3.835 -3.057 -2.870 -2.793 -2.684 -2.432 -2.358 -2.295
0.0152 0.01508 7.68000 7.0401053429 2.6212018689    7.036  3.740  4.2657  3.560    1  0.000  0.538     0.00     0.00     0.00     0.00     0.00 -1    -1e-30      0.00 7.092e-01 2.755e-01 2.710e-03 7.399e-04 6.720e-03 -1.000 1.527e-02 -4.580 -3.835 -3.056 -2.868 -2.791 -2.682 -2.430 -2.355 -2.292
0.0152 0.01508 7.68000 7.0404872894 2.6212027671    7.037  3.716  4.2582  3.554    2  0.000  0.538     0.00     0.00     0.00     0.00     0.00 -1    -1e-30      0.00 7.092e-01 2.755e-01 2.710e-03 7.399e-04 6.720e-03 -1.000 1.527e-02 -4.520 -3.802 -3.036 -2.851 -2.776 -2.670 -2.422 -2.349 -2.287
0.0152 0.01508 7.68000 7.0407862663 2.6212034701    7.037  3.695  4.2486  3.536    2  0.000  0.538     0.00     0.00     0.00     0.00     0.00 -1    -1e-30      0.00 7.092e-01 2.755e-01 2.710e-03 7.399e-04 6.720e-03 -1.000 1.527e-02 -4.468 -3.786 -3.037 -2.855 -2.783 -2.680 -2.438 -2.368 -2.308
0.0152 0.01508 7.68000 7.0410380363 2.6212040621    7.037  3.685  4.2378  3.504    2  0.000  0.538     0.00     0.00     0.00     0.00     0.00 -1    -1e-30      0.00 7.092e-01 2.755e-01 2.710e-03 7.399e-04 6.720e-03 -1.000 1.527e-02 -4.442 -3.800 -3.069 -2.892 -2.823 -2.723 -2.488 -2.420 -2.362
0.0152 0.01508 7.68000 7.0413274765 2.6212047425    7.038  3.684  4.2247  3.452    2  0.000  0.538     0.00     0.00     0.00     0.00     0.00 -1    -1e-30      0.00 7.092e-01 2.755e-01 2.710e-03 7.399e-04 6.720e-03 -1.000 1.527e-02 -4.440 -3.849 -3.139 -2.968 -2.902 -2.807 -2.580 -2.515 -2.459
0.0152 0.01508 7.68000 7.0416002274 2.6212053837    7.038  3.692  4.2123  3.395    2  0.000  0.538     0.00     0.00     0.00     0.00     0.00 -1    -1e-30      0.00 7.092e-01 2.755e-01 2.710e-03 7.399e-04 6.720e-03 -1.000 1.527e-02 -4.460 -3.918 -3.227 -3.061 -2.999 -2.909 -2.690 -2.627 -2.573
0.0152 0.01508 7.68000 7.0418672562 2.6212060114    7.038  3.703  4.2003  3.336    2  0.000  0.538     0.00     0.00     0.00     0.00     0.00 -1    -1e-30      0.00 7.092e-01 2.755e-01 2.710e-03 7.399e-04 6.720e-03 -1.000 1.527e-02 -4.486 -3.991 -3.318 -3.158 -3.100 -3.013 -2.802 -2.742 -2.690
0.0152 0.01508 7.68000 7.0421323776 2.6212066345    7.038  3.712  4.1885  3.280    2  0.000  0.538     0.00     0.00     0.00     0.00     0.00 -1    -1e-30      0.00 7.092e-01 2.755e-01 2.710e-03 7.399e-04 6.720e-03 -1.000 1.527e-02 -4.510 -4.059 -3.406 -3.251 -3.196 -3.114 -2.911 -2.854 -2.804
0.0152 0.01508 7.68000 7.0423946381 2.6212072508    7.039  3.719  4.1768  3.225    2  0.000  0.538     0.00     0.00     0.00     0.00     0.00 -1    -1e-30      0.00 7.092e-01 2.755e-01 2.710e-03 7.399e-04 6.720e-03 -1.000 1.527e-02 -4.529 -4.121 -3.488 -3.339 -3.287 -3.209 -3.013 -2.959 -2.911
0.0152 0.01508 7.68000 7.0426535606 2.6212078593    7.039  3.725  4.1651  3.173    2  0.000  0.538     0.00     0.00     0.00     0.00     0.00 -1    -1e-30      0.00 7.092e-01 2.755e-01 2.710e-03 7.399e-04 6.720e-03 -1.000 1.527e-02 -4.542 -4.177 -3.565 -3.421 -3.372 -3.299 -3.111 -3.060 -3.014
0.0152 0.01508 7.68000 7.0429077148 2.6212084565    7.039  3.729  4.1533  3.122    2  0.000  0.538     0.00     0.00     0.00     0.00     0.00 -1    -1e-30      0.00 7.092e-01 2.755e-01 2.710e-03 7.399e-04 6.720e-03 -1.000 1.527e-02 -4.552 -4.227 -3.637 -3.498 -3.453 -3.384 -3.205 -3.156 -3.112
0.0152 0.01508 7.68000 7.0431547165 2.6212090368    7.039  3.731  4.1416  3.073    2  0.000  0.538     0.00     0.00     0.00     0.00     0.00 -1    -1e-30      0.00 7.092e-01 2.755e-01 2.710e-03 7.399e-04 6.720e-03 -1.000 1.527e-02 -4.559 -4.273 -3.706 -3.572 -3.530 -3.465 -3.294 -3.249 -3.206
0.0152 0.01508 7.68000 7.0433959961 2.6212096037    7.040  3.733  4.1299  3.024    2  0.000  0.538     0.00     0.00     0.00     0.00     0.00 -1    -1e-30      0.00 7.092e-01 2.755e-01 2.710e-03 7.399e-04 6.720e-03 -1.000 1.527e-02 -4.563 -4.314 -3.771 -3.642 -3.604 -3.543 -3.381 -3.339 -3.298
0.0152 0.01508 7.68000 7.0436282158 2.6212101492    7.040  3.734  4.1183  2.977    2  0.000  0.538     0.00     0.00     0.00     0.00     0.00 -1    -1e-30      0.00 7.092e-01 2.755e-01 2.710e-03 7.399e-04 6.720e-03 -1.000 1.527e-02 -4.564 -4.353 -3.834 -3.710 -3.676 -3.619 -3.466 -3.426 -3.388
0.0152 0.01508 7.68000 7.0439085960 2.6212108078    7.040  3.734  4.1036  2.918    2  0.000  0.538     0.00     0.00     0.00     0.00     0.00 -1    -1e-30      0.00 7.092e-01 2.755e-01 2.710e-03 7.399e-04 6.720e-03 -1.000 1.527e-02 -4.564 -4.396 -3.907 -3.791 -3.761 -3.710 -3.569 -3.533 -3.497
0.0152 0.01508 7.68000 7.0441226959 2.6212113107    7.040  3.733  4.0919  2.872    2  0.000  0.538     0.00     0.00     0.00     0.00     0.00 -1    -1e-30      0.00 7.092e-01 2.755e-01 2.710e-03 7.399e-04 6.720e-03 -1.000 1.527e-02 -4.563 -4.425 -3.963 -3.853 -3.827 -3.780 -3.648 -3.616 -3.581
0.0152 0.01508 7.68000 7.0443277359 2.6212117922    7.041  3.732  4.0802  2.827    2  0.000  0.538     0.00     0.00     0.00     0.00     0.00 -1    -1e-30      0.00 7.092e-01 2.755e-01 2.710e-03 7.399e-04 6.720e-03 -1.000 1.527e-02 -4.560 -4.450 -4.017 -3.912 -3.889 -3.848 -3.725 -3.696 -3.664
0.0152 0.01508 7.68000 7.0445246696 2.6212122547    7.041  3.730  4.0686  2.782    2  0.000  0.538     0.00     0.00     0.00     0.00     0.00 -1    -1e-30      0.00 7.092e-01 2.755e-01 2.710e-03 7.399e-04 6.720e-03 -1.000 1.527e-02 -4.555 -4.471 -4.068 -3.969 -3.950 -3.913 -3.801 -3.775 -3.745
0.0152 0.01508 7.68000 7.0447130203 2.6212126970    7.041  3.728  4.0569  2.737    2  0.000  0.538     0.00     0.00     0.00     0.00     0.00 -1    -1e-30      0.00 7.092e-01 2.755e-01 2.710e-03 7.399e-04 6.720e-03 -1.000 1.527e-02 -4.550 -4.488 -4.117 -4.024 -4.007 -3.975 -3.874 -3.852 -3.824
0.0152 0.01508 7.68000 7.0448927879 2.6212131192    7.041  3.725  4.0452  2.693    2  0.000  0.538     0.00     0.00     0.00     0.00     0.00 -1    -1e-30      0.00 7.092e-01 2.755e-01 2.710e-03 7.399e-04 6.720e-03 -1.000 1.527e-02 -4.543 -4.500 -4.163 -4.076 -4.063 -4.036 -3.946 -3.927 -3.901
0.0152 0.01508 7.68000 7.0450649261 2.6212135233    7.041  3.722  4.0335  2.649    2  0.000  0.538     0.00     0.00     0.00     0.00     0.00 -1    -1e-30      0.00 7.092e-01 2.755e-01 2.710e-03 7.399e-04 6.720e-03 -1.000 1.527e-02 -4.536 -4.509 -4.208 -4.127 -4.116 -4.094 -4.016 -4.001 -3.978
0.0152 0.01508 7.68000 7.0452280045 2.6212139062    7.042  3.719  4.0217  2.606    2  0.000  0.538     0.00     0.00     0.00     0.00     0.00 -1    -1e-30      0.00 7.092e-01 2.755e-01 2.710e-03 7.399e-04 6.720e-03 -1.000 1.527e-02 -4.527 -4.514 -4.250 -4.175 -4.167 -4.150 -4.085 -4.074 -4.053
0.0152 0.01508 7.68000 7.0453839302 2.6212142723    7.042  3.715  4.0101  2.563    2  0.000  0.538     0.00     0.00     0.00     0.00     0.00 -1    -1e-30      0.00 7.092e-01 2.755e-01 2.710e-03 7.399e-04 6.720e-03 -1.000 1.527e-02 -4.518 -4.516 -4.290 -4.220 -4.216 -4.204 -4.152 -4.145 -4.127
0.0152 0.01508 7.68000 7.0455322266 2.6212146205    7.042  3.712  3.9984  2.520    2  0.000  0.538     0.00     0.00     0.00     0.00     0.00 -1    -1e-30      0.00 7.092e-01 2.755e-01 2.710e-03 7.399e-04 6.720e-03 -1.000 1.527e-02 -4.509 -4.514 -4.327 -4.264 -4.263 -4.256 -4.218 -4.216 -4.200
0.0152 0.01508 7.68000 7.0456733704 2.6212149518    7.042  3.707  3.9867  2.477    2  0.000  0.538     0.00     0.00     0.00     0.00     0.00 -1    -1e-30      0.00 7.092e-01 2.755e-01 2.710e-03 7.399e-04 6.720e-03 -1.000 1.527e-02 -4.498 -4.508 -4.360 -4.305 -4.307 -4.307 -4.283 -4.286 -4.273
0.0152 0.01508 7.68000 7.0458073616 2.6212152664    7.042  3.703  3.9751  2.435    2  0.000  0.538     0.00     0.00     0.00     0.00     0.00 -1    -1e-30      0.00 7.092e-01 2.755e-01 2.710e-03 7.399e-04 6.720e-03 -1.000 1.527e-02 -4.488 -4.498 -4.389 -4.343 -4.349 -4.355 -4.347 -4.355 -4.345
0.0152 0.01508 7.68000 7.0459351540 2.6212155663    7.042  3.699  3.9636  2.394    2  0.000  0.538     0.00     0.00     0.00     0.00     0.00 -1    -1e-30      0.00 7.092e-01 2.755e-01 2.710e-03 7.399e-04 6.720e-03 -1.000 1.527e-02 -4.476 -4.483 -4.415 -4.379 -4.390 -4.402 -4.411 -4.423 -4.417
0.0152 0.01508 7.68000 7.0460572243 2.6212158529    7.042  3.694  3.9520  2.352    2  0.000  0.538     0.00     0.00     0.00     0.00     0.00 -1    -1e-30      0.00 7.092e-01 2.755e-01 2.710e-03 7.399e-04 6.720e-03 -1.000 1.527e-02 -4.464 -4.464 -4.436 -4.411 -4.428 -4.448 -4.473 -4.491 -4.489
0.0152 0.01508 7.68000 7.0461735725 2.6212161260    7.042  3.689  3.9404  2.311    2  0.000  0.538     0.00     0.00     0.00     0.00     0.00 -1    -1e-30      0.00 7.092e-01 2.755e-01 2.710e-03 7.399e-04 6.720e-03 -1.000 1.527e-02 -4.452 -4.438 -4.451 -4.440 -4.464 -4.492 -4.535 -4.559 -4.561
0.0152 0.01508 7.68000 7.0462841988 2.6212163856    7.043  3.684  3.9289  2.270    2  0.000  0.538     0.00     0.00     0.00     0.00     0.00 -1    -1e-30      0.00 7.092e-01 2.755e-01 2.710e-03 7.399e-04 6.720e-03 -1.000 1.527e-02 -4.439 -4.402 -4.458 -4.464 -4.496 -4.533 -4.595 -4.626 -4.632
0.0152 0.01508 7.68000 7.0463900566 2.6212166341    7.043  3.678  3.9173  2.229    2  0.000  0.538     0.00     0.00     0.00     0.00     0.00 -1    -1e-30      0.00 7.092e-01 2.755e-01 2.710e-03 7.399e-04 6.720e-03 -1.000 1.527e-02 -4.426 -4.357 -4.453 -4.479 -4.523 -4.572 -4.654 -4.694 -4.703
0.0152 0.01508 7.68000 7.0464916229 2.6212168724    7.043  3.673  3.9057  2.188    2  0.000  0.538     0.00     0.00     0.00     0.00     0.00 -1    -1e-30      0.00 7.092e-01 2.755e-01 2.710e-03 7.399e-04 6.720e-03 -1.000 1.527e-02 -4.413 -4.304 -4.437 -4.488 -4.547 -4.609 -4.712 -4.762 -4.775
0.0152 0.01508 7.68000 7.0465879440 2.6212170985    7.043  3.667  3.8941  2.147    2  0.000  0.538     0.00     0.00     0.00     0.00     0.00 -1    -1e-30      0.00 7.092e-01 2.755e-01 2.710e-03 7.399e-04 6.720e-03 -1.000 1.527e-02 -4.399 -4.246 -4.412 -4.492 -4.567 -4.644 -4.768 -4.831 -4.847
0.0152 0.01508 7.68000 7.0466794968 2.6212173133    7.043  3.662  3.8824  2.106    2  0.000  0.538     0.00     0.00     0.00     0.00     0.00 -1    -1e-30      0.00 7.092e-01 2.755e-01 2.710e-03 7.399e-04 6.720e-03 -1.000 1.527e-02 -4.384 -4.183 -4.375 -4.488 -4.582 -4.676 -4.824 -4.901 -4.920
0.0152 0.01508 7.68000 7.0467667580 2.6212175181    7.043  3.656  3.8708  2.065    2  0.000  0.538     0.00     0.00     0.00     0.00     0.00 -1    -1e-30      0.00 7.092e-01 2.755e-01 2.710e-03 7.399e-04 6.720e-03 -1.000 1.527e-02 -4.370 -4.118 -4.329 -4.478 -4.594 -4.707 -4.879 -4.972 -4.994
0.0152 0.01508 7.68000 7.0468492508 2.6212177117    7.043  3.650  3.8592  2.025    2  0.000  0.538     0.00     0.00     0.00     0.00     0.00 -1    -1e-30      0.00 7.092e-01 2.755e-01 2.710e-03 7.399e-04 6.720e-03 -1.000 1.527e-02 -4.355 -4.049 -4.274 -4.465 -4.605 -4.738 -4.933 -5.043 -5.068
0.0152 0.01508 7.68000 7.0469284058 2.6212178974    7.043  3.644  3.8477  1.984    2  0.000  0.538     0.00     0.00     0.00     0.00     0.00 -1    -1e-30      0.00 7.092e-01 2.755e-01 2.710e-03 7.399e-04 6.720e-03 -1.000 1.527e-02 -4.340 -3.975 -4.204 -4.447 -4.614 -4.767 -4.987 -5.116 -5.143
0.0152 0.01508 7.68000 7.0470213890 2.6212181156    7.043  3.636  3.8333  1.935    2  0.000  0.538     0.00     0.00     0.00     0.00     0.00 -1    -1e-30      0.00 7.092e-01 2.755e-01 2.710e-03 7.399e-04 6.720e-03 -1.000 1.527e-02 -4.321 -3.879 -4.111 -4.420 -4.620 -4.801 -5.051 -5.205 -5.235
0.0152 0.01508 7.68000 7.0470919609 2.6212182812    7.043  3.630  3.8218  1.895    2  0.000  0.538     0.00     0.00     0.00     0.00     0.00 -1    -1e-30      0.00 7.092e-01 2.755e-01 2.710e-03 7.399e-04 6.720e-03 -1.000 1.527e-02 -4.305 -3.795 -4.032 -4.392 -4.620 -4.823 -5.099 -5.275 -5.308
0.0152 0.01508 7.68000 7.0471587181 2.6212184378    7.043  3.623  3.8103  1.856    2  0.000  0.538     0.00     0.00     0.00     0.00     0.00 -1    -1e-30      0.00 7.092e-01 2.755e-01 2.710e-03 7.399e-04 6.720e-03 -1.000 1.527e-02 -4.289 -3.700 -3.949 -4.363 -4.618 -4.843 -5.146 -5.345 -5.380
0.0152 0.01508 7.68000 7.0472221375 2.6212185867    7.043  3.617  3.7990  1.817    2  0.000  0.538     0.00     0.00     0.00     0.00     0.00 -1    -1e-30      0.00 7.092e-01 2.755e-01 2.710e-03 7.399e-04 6.720e-03 -1.000 1.527e-02 -4.272 -3.595 -3.859 -4.329 -4.614 -4.861 -5.191 -5.413 -5.452
0.0152 0.01508 7.68000 7.0472831726 2.6212187299    7.044  3.610  3.7875  1.778    2  0.000  0.538     0.00     0.00     0.00     0.00     0.00 -1    -1e-30      0.00 7.092e-01 2.755e-01 2.710e-03 7.399e-04 6.720e-03 -1.000 1.527e-02 -4.255 -3.473 -3.761 -4.293 -4.606 -4.876 -5.235 -5.482 -5.525
0.0152 0.01508 7.68000 7.0473403931 2.6212188641    7.044  3.603  3.7762  1.739    2  0.000  0.538     0.00     0.00     0.00     0.00     0.00 -1    -1e-30      0.00 7.092e-01 2.755e-01 2.710e-03 7.399e-04 6.720e-03 -1.000 1.527e-02 -4.238 -3.326 -3.653 -4.252 -4.598 -4.891 -5.279 -5.552 -5.599
0.0152 0.01508 7.68000 7.0473952293 2.6212189928    7.044  3.596  3.7648  1.701    2  0.000  0.538     0.00     0.00     0.00     0.00     0.00 -1    -1e-30      0.00 7.092e-01 2.755e-01 2.710e-03 7.399e-04 6.720e-03 -1.000 1.527e-02 -4.220 -3.162 -3.536 -4.206 -4.584 -4.903 -5.322 -5.623 -5.674
0.0152 0.01508 7.68000 7.0474596024 2.6212191438    7.044  3.587  3.7507  1.654    2  0.000  0.538     0.00     0.00     0.00     0.00     0.00 -1    -1e-30      0.00 7.092e-01 2.755e-01 2.710e-03 7.399e-04 6.720e-03 -1.000 1.527e-02 -4.197 -2.947 -3.395 -4.146 -4.562 -4.907 -5.365 -5.701 -5.756
0.0152 0.01508 7.68000 7.0475087166 2.6212192590    7.044  3.579  3.7394  1.616    2  0.000  0.538     0.00     0.00     0.00     0.00     0.00 -1    -1e-30      0.00 7.092e-01 2.755e-01 2.710e-03 7.399e-04 6.720e-03 -1.000 1.527e-02 -4.178 -2.755 -3.277 -4.092 -4.539 -4.906 -5.397 -5.761 -5.820
0.0152 0.01508 7.68000 7.0475554466 2.6212193687    7.044  3.572  3.7283  1.580    2  0.000  0.538     0.00     0.00     0.00     0.00     0.00 -1    -1e-30      0.00 7.092e-01 2.755e-01 2.710e-03 7.399e-04 6.720e-03 -1.000 1.527e-02 -4.159 -2.561 -3.157 -4.034 -4.510 -4.898 -5.424 -5.818 -5.878
0.0152 0.01508 7.68000 7.0476002693 2.6212194738    7.044  3.564  3.7176  1.545    2  0.000  0.538     0.00     0.00     0.00     0.00     0.00 -1    -1e-30      0.00 7.092e-01 2.755e-01 2.710e-03 7.399e-04 6.720e-03 -1.000 1.527e-02 -4.139 -2.353 -3.034 -3.972 -4.477 -4.885 -5.447 -5.870 -5.932
0.0152 0.01508 7.68000 7.0476427078 2.6212195734    7.044  3.555  3.7077  1.514    2  0.000  0.538     0.00     0.00     0.00     0.00     0.00 -1    -1e-30      0.00 7.092e-01 2.755e-01 2.710e-03 7.399e-04 6.720e-03 -1.000 1.527e-02 -4.118 -2.148 -2.915 -3.909 -4.441 -4.868 -5.463 -5.914 -5.979
0.0152 0.01508 7.68000 7.0476851463 2.6212196729    7.044  3.546  3.6986  1.486    2  0.000  0.538     0.00     0.00     0.00     0.00     0.00 -1    -1e-30      0.00 7.092e-01 2.755e-01 2.710e-03 7.399e-04 6.720e-03 -1.000 1.527e-02 -4.095 -1.945 -2.802 -3.845 -4.401 -4.844 -5.472 -5.950 -6.017
0.0152 0.01508 7.68000 7.0477290154 2.6212197759    7.044  3.536  3.6900  1.462    2  0.000  0.538     0.00     0.00     0.00     0.00     0.00 -1    -1e-30      0.00 7.092e-01 2.755e-01 2.710e-03 7.399e-04 6.720e-03 -1.000 1.527e-02 -4.069 -1.737 -2.687 -3.777 -4.356 -4.816 -5.476 -5.977 -6.049
0.0152 0.01508 7.68000 7.0477781296 2.6212198911    7.044  3.523  3.6819  1.442    2  0.000  0.538     0.00     0.00     0.00     0.00     0.00 -1    -1e-30      0.00 7.092e-01 2.755e-01 2.710e-03 7.399e-04 6.720e-03 -1.000 1.527e-02 -4.039 -1.556 -2.574 -3.707 -4.306 -4.779 -5.471 -5.991 -6.070
0.0152 0.01508 7.68000 7.0478377342 2.6212200309    7.044  3.510  3.6754  1.430    2  0.000  0.538     0.00     0.00     0.00     0.00     0.00 -1    -1e-30      0.00 7.092e-01 2.755e-01 2.710e-03 7.399e-04 6.720e-03 -1.000 1.527e-02 -4.004 -1.430 -2.477 -3.642 -4.254 -4.736 -5.453 -5.985 -6.073
0.0152 0.01508 7.68000 7.0479321480 2.6212202524    7.044  3.487  3.6672  1.419    2  0.000  0.538     0.00     0.00     0.00     0.00     0.00 -1    -1e-30      0.00 7.092e-01 2.755e-01 2.710e-03 7.399e-04 6.720e-03 -1.000 1.527e-02 -3.948 -1.262 -2.340 -3.545 -4.173 -4.667 -5.416 -5.963 -6.062
0.0152 0.01508 7.68000 7.0480375290 2.6212204996    7.044  3.464  3.6593  1.411    2  0.000  0.538     0.00     0.00     0.00     0.00     0.00 -1    -1e-30      0.00 7.092e-01 2.755e-01 2.710e-03 7.399e-04 6.720e-03 -1.000 1.527e-02 -3.890 -1.099 -2.202 -3.444 -4.087 -4.593 -5.374 -5.935 -6.046
0.0152 0.01508 7.68000 7.0481538773 2.6212207725    7.044  3.447  3.6513  1.396    2  0.000  0.538     0.00     0.00     0.00     0.00     0.00 -1    -1e-30      0.00 7.092e-01 2.755e-01 2.710e-03 7.399e-04 6.720e-03 -1.000 1.527e-02 -3.847 -0.871 -2.061 -3.344 -4.010 -4.536 -5.351 -5.933 -6.054
0.0152 0.01508 7.68000 7.0481958389 2.6212208709    7.044  3.444  3.6484  1.387    2  0.000  0.538     0.00     0.00     0.00     0.00     0.00 -1    -1e-30      0.00 7.092e-01 2.755e-01 2.710e-03 7.399e-04 6.720e-03 -1.000 1.527e-02 -3.840 -0.790 -2.017 -3.315 -3.989 -4.523 -5.351 -5.942 -6.065
0.0152 0.01508 7.68000 7.0482902527 2.6212210924    7.044  3.458  3.6414  1.346    3  0.000  0.538    14.80    12.33     8.87     6.40     5.28  4    -1e-30      0.00 7.092e-01 2.755e-01 2.710e-03 7.400e-04 6.720e-03 -1.000 1.527e-02 -3.875 -0.636 -1.959 -3.295 -3.992 -4.546 -5.403 -6.014 -6.145
0.0152 0.01508 7.68000 7.0483927727 2.6212213328    7.045  3.501  3.6329  1.269    3  0.000  0.537    17.56    14.17    10.13     7.33     6.04  4    -1e-30      0.00 7.092e-01 2.755e-01 2.705e-03 7.411e-04 6.720e-03 -1.000 1.527e-02 -3.983 -0.500 -1.945 -3.329 -4.057 -4.636 -5.530 -6.167 -6.307
0.0152 0.01508 7.68000 7.0484642982 2.6212215006    7.045  3.547  3.6266  1.198    3  0.000  0.530    20.56    16.12    11.45     8.30     6.84  4    -1e-30      0.00 7.092e-01 2.755e-01 2.669e-03 7.568e-04 6.720e-03 -1.000 1.528e-02 -4.097 -0.421 -1.963 -3.384 -4.136 -4.736 -5.659 -6.314 -6.462
0.0152 0.01508 7.68000 7.0485205650 2.6212216325    7.045  3.588  3.6216  1.137    3  0.000  0.510    23.54    17.99    12.72     9.23     7.61  4    -1e-30      0.00 7.091e-01 2.756e-01 2.570e-03 8.365e-04 6.720e-03 -1.000 1.534e-02 -4.199 -0.367 -1.987 -3.439 -4.209 -4.827 -5.772 -6.442 -6.596
0.0152 0.01508 7.68000 7.0485701561 2.6212217488    7.045  3.623  3.6175  1.085    3  0.000  0.481    26.44    19.77    13.92    10.12     8.35  4    -1e-30      0.00 7.091e-01 2.756e-01 2.426e-03 9.944e-04 6.720e-03 -1.000 1.529e-02 -4.288 -0.324 -2.009 -3.485 -4.273 -4.906 -5.870 -6.552 -6.713
0.0152 0.01508 7.68000 7.0485825539 2.6212217779    7.045  3.632  3.6165  1.072    3  0.000  0.474    27.17    20.21    14.22    10.34     8.53  4    -1e-30      0.00 7.091e-01 2.756e-01 2.390e-03 1.038e-03 6.720e-03 -1.000 1.528e-02 -4.309 -0.315 -2.014 -3.496 -4.287 -4.925 -5.893 -6.578 -6.740
0.0152 0.01508 7.68000 7.0486245155 2.6212218763    7.045  3.659  3.6137  1.034    3  0.000  0.455    29.61    21.68    15.20    11.06     9.13  4    -1e-30      0.00 7.091e-01 2.756e-01 2.292e-03 1.157e-03 6.720e-03 -1.000 1.529e-02 -4.378 -0.291 -2.035 -3.534 -4.337 -4.986 -5.968 -6.661 -6.827
0.0152 0.01508 7.68000 7.0486707687 2.6212219848    7.045  3.686  3.6109  0.996    3  0.000  0.439    32.22    23.22    16.23    11.82     9.76  4    -1e-30      0.00 7.090e-01 2.756e-01 2.215e-03 1.253e-03 6.720e-03 -1.000 1.537e-02 -4.445 -0.266 -2.054 -3.571 -4.386 -5.046 -6.041 -6.742 -6.911
0.0152 0.01508 7.68000 7.0486826897 2.6212220128    7.045  3.692  3.6104  0.988    3  0.000  0.437    32.79    23.55    16.45    11.99     9.89  4    -1e-30      0.00 7.090e-01 2.756e-01 2.202e-03 1.270e-03 6.720e-03 -1.000 1.537e-02 -4.459 -0.261 -2.059 -3.579 -4.396 -5.059 -6.056 -6.759 -6.929
0.0152 0.01508 7.68000 7.0487384796 2.6212221436    7.045  3.712  3.6083  0.959    3  0.000  0.428    34.96    24.81    17.29    12.61    10.41  4    -1e-30      0.00 7.090e-01 2.756e-01 2.157e-03 1.325e-03 6.720e-03 -1.000 1.537e-02 -4.511 -0.243 -2.073 -3.606 -4.432 -5.105 -6.112 -6.821 -6.994
0.0152 0.01508 7.68000 7.0488443375 2.6212223919    7.045  3.740  3.6055  0.920    3  0.000  0.416    38.16    26.64    18.50    13.51    11.15  4    -1e-30      0.00 7.090e-01 2.756e-01 2.099e-03 1.397e-03 6.720e-03 -1.000 1.537e-02 -4.581 -0.219 -2.091 -3.641 -4.480 -5.167 -6.189 -6.905 -7.083
0.0152 0.01508 7.68000 7.0490636826 2.6212229062    7.045  3.772  3.6022  0.874    3  0.000  0.405    42.20    28.91    20.01    14.63    12.08  4    -1e-30      0.00 7.088e-01 2.758e-01 2.037e-03 1.483e-03 6.707e-03 -1.000 1.537e-02 -4.661 -0.189 -2.110 -3.680 -4.534 -5.238 -6.276 -7.001 -7.184
0.0152 0.01508 7.68000 7.0496912003 2.6212243775    7.046  3.821  3.5973  0.806    3  0.000  0.395    49.14    32.72    22.52    16.49    13.62  4    -1e-30      0.00 7.065e-01 2.781e-01 1.946e-03 1.720e-03 6.564e-03 -1.000 1.537e-02 -4.783 -0.150 -2.138 -3.735 -4.612 -5.346 -6.409 -7.148 -7.339
0.0152 0.01508 7.68000 7.0504350662 2.6212261213    7.047  3.868  3.5927  0.741    3  0.000  0.393    56.80    36.81    25.20    18.49    15.27  4    -1e-30      0.00 7.011e-01 2.835e-01 1.869e-03 2.006e-03 6.346e-03 -1.000 1.537e-02 -4.900 -0.122 -2.166 -3.788 -4.687 -5.450 -6.537 -7.288 -7.486
0.0152 0.01508 7.68000 7.0512189865 2.6212279585    7.047  3.915  3.5885  0.677    3  0.000  0.392    65.40    41.28    28.11    20.66    17.07  4    -1e-30      0.00 6.939e-01 2.907e-01 1.808e-03 2.256e-03 6.148e-03 -1.000 1.537e-02 -5.017 -0.102 -2.196 -3.840 -4.760 -5.553 -6.663 -7.425 -7.629
0.0152 0.01508 7.68000 7.0522294044 2.6212303257    7.048  3.959  3.5846  0.618    3  0.000  0.392    74.69    45.98    31.16    22.94    18.96  4    -1e-30      0.00 6.868e-01 2.978e-01 1.763e-03 2.444e-03 5.998e-03 -1.000 1.537e-02 -5.127 -0.093 -2.222 -3.884 -4.825 -5.650 -6.782 -7.554 -7.765
0.0152 0.01508 7.68000 7.0543036461 2.6212351830    7.051  3.991  3.5818  0.575    3  0.000  0.392    82.19    49.70    33.57    24.74    20.45  4    -1e-30      0.00 6.826e-01 3.020e-01 1.741e-03 2.536e-03 5.923e-03 -1.000 1.536e-02 -5.206 -0.087 -2.242 -3.917 -4.872 -5.721 -6.868 -7.647 -7.863
0.0152 0.01508 7.68000 7.0614848137 2.6212519738    7.058  3.976  3.5835  0.596    4  0.000  0.392     0.00     0.00     0.00     0.00     0.00 -1    -1e-30      0.00 6.826e-01 3.020e-01 1.741e-03 2.536e-03 5.923e-03 -1.000 1.536e-02 -5.171 -0.099 -2.241 -3.909 -4.856 -5.690 -6.829 -7.603 -7.816
0.0152 0.01508 7.68000 7.0738258362 2.6212807377    7.070  3.942  3.5872  0.646    4  0.000  0.392     0.00     0.00     0.00     0.00     0.00 -1    -1e-30      0.00 6.826e-01 3.020e-01 1.741e-03 2.536e-03 5.923e-03 -1.000 1.536e-02 -5.085 -0.122 -2.233 -3.885 -4.813 -5.617 -6.734 -7.499 -7.706
0.0152 0.01508 7.68000 7.0829439163 2.6213019157    7.079  3.908  3.5907  0.695    4  0.000  0.392     0.00     0.00     0.00     0.00     0.00 -1    -1e-30      0.00 6.826e-01 3.020e-01 1.741e-03 2.536e-03 5.923e-03 -1.000 1.536e-02 -5.000 -0.142 -2.221 -3.858 -4.768 -5.543 -6.641 -7.396 -7.598
0.0152 0.01508 7.68000 7.0909910202 2.6213205542    7.087  3.874  3.5942  0.743    4  0.000  0.392     0.00     0.00     0.00     0.00     0.00 -1    -1e-30      0.00 6.826e-01 3.020e-01 1.741e-03 2.536e-03 5.923e-03 -1.000 1.536e-02 -4.916 -0.169 -2.205 -3.823 -4.716 -5.470 -6.550 -7.295 -7.492
0.0152 0.01508 7.68000 7.0998697281 2.6213410625    7.096  3.836  3.5981  0.798    4  0.000  0.392     0.00     0.00     0.00     0.00     0.00 -1    -1e-30      0.00 6.827e-01 3.020e-01 1.741e-03 2.535e-03 5.923e-03 -1.000 1.536e-02 -4.820 -0.199 -2.187 -3.783 -4.657 -5.386 -6.445 -7.180 -7.370
0.0152 0.01508 7.68000 7.1076669693 2.6213590241    7.104  3.803  3.6016  0.845    4  0.000  0.392     0.00     0.00     0.00     0.00     0.00 -1    -1e-30      0.00 6.827e-01 3.020e-01 1.741e-03 2.535e-03 5.923e-03 -1.000 1.536e-02 -4.737 -0.230 -2.171 -3.748 -4.606 -5.313 -6.355 -7.080 -7.264
0.0152 0.01508 7.68000 7.1184992790 2.6213839023    7.115  3.763  3.6062  0.904    4  0.000  0.392     0.00     0.00     0.00     0.00     0.00 -1    -1e-30      0.00 6.827e-01 3.020e-01 1.741e-03 2.535e-03 5.923e-03 -1.000 1.536e-02 -4.637 -0.278 -2.153 -3.704 -4.541 -5.226 -6.245 -6.957 -7.135
0.0152 0.01508 7.68000 7.1312184334 2.6214130030    7.128  3.728  3.6107  0.958    4  0.000  0.392     0.00     0.00     0.00     0.00     0.00 -1    -1e-30      0.00 6.827e-01 3.020e-01 1.741e-03 2.535e-03 5.923e-03 -1.000 1.536e-02 -4.549 -0.336 -2.147 -3.671 -4.488 -5.150 -6.147 -6.846 -7.017
0.0152 0.01508 7.68000 7.1539368629 2.6214646854    7.151  3.697  3.6173  1.016    4  0.000  0.392     0.00     0.00     0.00     0.00     0.00 -1    -1e-30      0.00 6.827e-01 3.019e-01 1.742e-03 2.535e-03 5.924e-03 -1.000 1.535e-02 -4.473 -0.464 -2.180 -3.668 -4.457 -5.091 -6.058 -6.737 -6.899
0.0152 0.01508 7.68000 7.1657485962 2.6214914072    7.163  3.691  3.6205  1.036    4  0.000  0.392     0.00     0.00     0.00     0.00     0.00 -1    -1e-30      0.00 6.827e-01 3.019e-01 1.742e-03 2.534e-03 5.924e-03 -1.000 1.535e-02 -4.457 -0.538 -2.214 -3.685 -4.462 -5.084 -6.035 -6.705 -6.863
0.0152 0.01508 7.68000 7.1762304306 2.6215150357    7.173  3.706  3.6250  1.040    5  0.000  0.392     0.00     0.00     0.00     0.00     0.00 -1    -1e-30      0.00 6.827e-01 3.019e-01 1.742e-03 2.534e-03 5.924e-03 -1.000 1.535e-02 -4.495 -0.692 -2.315 -3.767 -4.527 -5.133 -6.065 -6.719 -6.872
0.0152 0.01508 7.68000 7.1855106354 2.6215358892    7.182  3.733  3.6317  1.040    5  0.000  0.392     0.00     0.00     0.00     0.00     0.00 -1    -1e-30      0.00 6.827e-01 3.019e-01 1.742e-03 2.534e-03 5.924e-03 -1.000 1.535e-02 -4.562 -0.928 -2.475 -3.897 -4.633 -5.216 -6.120 -6.751 -6.897
0.0152 0.01508 7.68000 7.1883430481 2.6215422416    7.185  3.755  3.6374  1.041    5  0.000  0.392     0.00     0.00     0.00     0.00     0.00 -1    -1e-30      0.00 6.827e-01 3.019e-01 1.742e-03 2.534e-03 5.924e-03 -1.000 1.535e-02 -4.618 -1.130 -2.608 -4.003 -4.720 -5.285 -6.164 -6.777 -6.917
0.0152 0.01508 7.68000 7.1896605492 2.6215451945    7.187  3.771  3.6427  1.046    5  0.000  0.392     0.00     0.00     0.00     0.00     0.00 -1    -1e-30      0.00 6.827e-01 3.019e-01 1.742e-03 2.534e-03 5.924e-03 -1.000 1.535e-02 -4.657 -1.306 -2.717 -4.086 -4.786 -5.336 -6.192 -6.788 -6.922
0.0152 0.01508 7.68000 7.1900949478 2.6215461678    7.187  3.776  3.6454  1.052    5  0.000  0.392     0.00     0.00     0.00     0.00     0.00 -1    -1e-30      0.00 6.827e-01 3.019e-01 1.742e-03 2.534e-03 5.924e-03 -1.000 1.535e-02 -4.671 -1.391 -2.767 -4.121 -4.813 -5.355 -6.200 -6.788 -6.919
0.0152 0.01508 7.68000 7.1903176308 2.6215466667    7.187  3.779  3.6477  1.058    5  0.000  0.392     0.00     0.00     0.00     0.00     0.00 -1    -1e-30      0.00 6.827e-01 3.019e-01 1.742e-03 2.534e-03 5.924e-03 -1.000 1.535e-02 -4.678 -1.461 -2.805 -4.147 -4.831 -5.367 -6.201 -6.782 -6.911
0.0152 0.01508 7.68000 7.1905345917 2.6215471527    7.187  3.782  3.6504  1.066    5  0.000  0.392     0.00     0.00     0.00     0.00     0.00 -1    -1e-30      0.00 6.827e-01 3.019e-01 1.742e-03 2.534e-03 5.924e-03 -1.000 1.535e-02 -4.684 -1.538 -2.846 -4.174 -4.850 -5.379 -6.202 -6.775 -6.901
0.0152 0.01508 7.68000 7.1907119751 2.6215475501    7.188  3.784  3.6526  1.073    5  0.000  0.392     0.00     0.00     0.00     0.00     0.00 -1    -1e-30      0.00 6.827e-01 3.019e-01 1.742e-03 2.534e-03 5.924e-03 -1.000 1.535e-02 -4.690 -1.601 -2.880 -4.196 -4.865 -5.388 -6.201 -6.769 -6.892
0.0152 0.01508 7.68000 7.1908755302 2.6215479165    7.188  3.786  3.6546  1.079    5  0.000  0.392     0.00     0.00     0.00     0.00     0.00 -1    -1e-30      0.00 6.827e-01 3.019e-01 1.742e-03 2.534e-03 5.924e-03 -1.000 1.535e-02 -4.695 -1.658 -2.910 -4.215 -4.878 -5.397 -6.201 -6.763 -6.884
0.0152 0.01508 7.68000 7.1910400391 2.6215482849    7.188  3.788  3.6571  1.087    5  0.000  0.392     0.00     0.00     0.00     0.00     0.00 -1    -1e-30      0.00 6.827e-01 3.019e-01 1.742e-03 2.534e-03 5.924e-03 -1.000 1.535e-02 -4.700 -1.729 -2.947 -4.238 -4.894 -5.406 -6.200 -6.755 -6.873
0.0152 0.01508 7.68000 7.1912097931 2.6215486651    7.188  3.790  3.6604  1.098    5  0.000  0.392     0.00     0.00     0.00     0.00     0.00 -1    -1e-30      0.00 6.827e-01 3.019e-01 1.742e-03 2.534e-03 5.924e-03 -1.000 1.535e-02 -4.705 -1.797 -2.990 -4.264 -4.913 -5.418 -6.198 -6.747 -6.860
0.0152 0.01508 7.68000 7.1913905144 2.6215490699    7.188  3.792  3.6639  1.110    5  0.000  0.392     0.00     0.00     0.00     0.00     0.00 -1    -1e-30      0.00 6.827e-01 3.019e-01 1.742e-03 2.534e-03 5.924e-03 -1.000 1.535e-02 -4.711 -1.855 -3.032 -4.289 -4.930 -5.430 -6.196 -6.740 -6.846
0.0152 0.01508 7.68000 7.1915864944 2.6215495088    7.188  3.795  3.6680  1.124    5  0.000  0.392     0.00     0.00     0.00     0.00     0.00 -1    -1e-30      0.00 6.827e-01 3.019e-01 1.742e-03 2.534e-03 5.924e-03 -1.000 1.535e-02 -4.716 -1.920 -3.080 -4.317 -4.950 -5.444 -6.192 -6.729 -6.829
0.0152 0.01508 7.68000 7.1918025017 2.6215499925    7.189  3.797  3.6725  1.140    5  0.000  0.392     0.00     0.00     0.00     0.00     0.00 -1    -1e-30      0.00 6.827e-01 3.019e-01 1.742e-03 2.534e-03 5.924e-03 -1.000 1.535e-02 -4.723 -1.991 -3.130 -4.345 -4.970 -5.457 -6.187 -6.717 -6.810
0.0152 0.01508 7.68000 7.1920452118 2.6215505360    7.189  3.800  3.6779  1.158    5  0.000  0.392     0.00     0.00     0.00     0.00     0.00 -1    -1e-30      0.00 6.827e-01 3.019e-01 1.742e-03 2.534e-03 5.924e-03 -1.000 1.535e-02 -4.729 -2.079 -3.190 -4.378 -4.992 -5.471 -6.180 -6.701 -6.786
0.0152 0.01508 7.68000 7.1923232079 2.6215511584    7.189  3.803  3.6841  1.180    5  0.000  0.392     0.00     0.00     0.00     0.00     0.00 -1    -1e-30      0.00 6.827e-01 3.019e-01 1.742e-03 2.534e-03 5.924e-03 -1.000 1.535e-02 -4.737 -2.176 -3.256 -4.413 -5.015 -5.486 -6.170 -6.680 -6.757
0.0152 0.01508 7.68000 7.1926479340 2.6215518854    7.190  3.806  3.6910  1.205    5  0.000  0.392     0.00     0.00     0.00     0.00     0.00 -1    -1e-30      0.00 6.827e-01 3.019e-01 1.742e-03 2.534e-03 5.924e-03 -1.000 1.535e-02 -4.745 -2.330 -3.338 -4.456 -5.040 -5.500 -6.156 -6.648 -6.720
0.0152 0.01508 7.68000 7.1930384636 2.6215527596    7.190  3.810  3.6987  1.232    5  0.000  0.392     0.00     0.00     0.00     0.00     0.00 -1    -1e-30      0.00 6.827e-01 3.019e-01 1.742e-03 2.534e-03 5.924e-03 -1.000 1.535e-02 -4.754 -2.506 -3.429 -4.503 -5.066 -5.511 -6.139 -6.610 -6.678
0.0152 0.01508 7.68000 7.1935243607 2.6215538471    7.190  3.814  3.7073  1.262    5  0.000  0.392     0.00     0.00     0.00     0.00     0.00 -1    -1e-30      0.00 6.827e-01 3.019e-01 1.742e-03 2.534e-03 5.924e-03 -1.000 1.535e-02 -4.765 -2.694 -3.530 -4.554 -5.094 -5.523 -6.119 -6.566 -6.632
0.0152 0.01508 7.68000 7.1941509247 2.6215552492    7.191  3.820  3.7170  1.295    5  0.000  0.392     0.00     0.00     0.00     0.00     0.00 -1    -1e-30      0.00 6.827e-01 3.019e-01 1.742e-03 2.534e-03 5.924e-03 -1.000 1.535e-02 -4.780 -2.896 -3.643 -4.611 -5.124 -5.535 -6.097 -6.517 -6.580
0.0152 0.01508 7.68000 7.1949777603 2.6215570991    7.192  3.828  3.7289  1.335    5  0.000  0.392     0.00     0.00     0.00     0.00     0.00 -1    -1e-30      0.00 6.827e-01 3.019e-01 1.742e-03 2.534e-03 5.924e-03 -1.000 1.535e-02 -4.799 -3.132 -3.780 -4.678 -5.158 -5.546 -6.068 -6.454 -6.517
0.0152 0.01508 7.68000 7.1960587502 2.6215595168    7.193  3.837  3.7458  1.393    5  0.000  0.392     0.00     0.00     0.00     0.00     0.00 -1    -1e-30      0.00 6.828e-01 3.019e-01 1.742e-03 2.534e-03 5.924e-03 -1.000 1.535e-02 -4.823 -3.441 -3.967 -4.761 -5.193 -5.548 -6.019 -6.360 -6.419
0.0152 0.01508 7.68000 7.1973967552 2.6215625082    7.194  3.846  3.7709  1.484    5  0.000  0.392     0.00     0.00     0.00     0.00     0.00 -1    -1e-30      0.00 6.828e-01 3.019e-01 1.742e-03 2.534e-03 5.924e-03 -1.000 1.535e-02 -4.846 -3.824 -4.211 -4.852 -5.216 -5.520 -5.922 -6.203 -6.254
0.0152 0.01508 7.68000 7.1989336014 2.6215659426    7.196  3.854  3.7976  1.584    5  0.000  0.392     0.00     0.00     0.00     0.00     0.00 -1    -1e-30      0.00 6.828e-01 3.019e-01 1.742e-03 2.534e-03 5.924e-03 -1.000 1.535e-02 -4.864 -4.159 -4.451 -4.926 -5.210 -5.458 -5.791 -6.011 -6.052
0.0152 0.01508 7.68000 7.2006201744 2.6215697097    7.198  3.860  3.8187  1.662    5  0.000  0.392     0.00     0.00     0.00     0.00     0.00 -1    -1e-30      0.00 6.828e-01 3.019e-01 1.742e-03 2.534e-03 5.924e-03 -1.000 1.535e-02 -4.880 -4.343 -4.604 -4.970 -5.200 -5.406 -5.688 -5.867 -5.901
0.0152 0.01508 7.68000 7.2024426460 2.6215737780    7.199  3.866  3.8359  1.725    5  0.000  0.392     0.00     0.00     0.00     0.00     0.00 -1    -1e-30      0.00 6.828e-01 3.019e-01 1.742e-03 2.534e-03 5.924e-03 -1.000 1.535e-02 -4.894 -4.468 -4.716 -4.999 -5.188 -5.361 -5.605 -5.751 -5.781
0.0152 0.01508 7.68000 7.2043938637 2.6215781311    7.201  3.871  3.8515  1.782    5  0.000  0.392     0.00     0.00     0.00     0.00     0.00 -1    -1e-30      0.00 6.828e-01 3.019e-01 1.742e-03 2.534e-03 5.924e-03 -1.000 1.535e-02 -4.909 -4.571 -4.808 -5.020 -5.173 -5.318 -5.528 -5.648 -5.675
0.0152 0.01508 7.68000 7.2065606117 2.6215829618    7.204  3.877  3.8665  1.836    5  0.000  0.392     0.00     0.00     0.00     0.00     0.00 -1    -1e-30      0.00 6.828e-01 3.019e-01 1.742e-03 2.534e-03 5.924e-03 -1.000 1.535e-02 -4.923 -4.663 -4.882 -5.036 -5.156 -5.275 -5.454 -5.551 -5.574
0.0152 0.01508 7.68000 7.2088971138 2.6215881673    7.206  3.883  3.8805  1.887    5  0.000  0.392     0.00     0.00     0.00     0.00     0.00 -1    -1e-30      0.00 6.828e-01 3.019e-01 1.742e-03 2.534e-03 5.924e-03 -1.000 1.535e-02 -4.938 -4.743 -4.937 -5.045 -5.138 -5.234 -5.384 -5.462 -5.482
0.0152 0.01508 7.68000 7.2112889290 2.6215934920    7.208  3.888  3.8928  1.931    5  0.000  0.392     0.00     0.00     0.00     0.00     0.00 -1    -1e-30      0.00 6.828e-01 3.019e-01 1.742e-03 2.534e-03 5.924e-03 -1.000 1.535e-02 -4.950 -4.810 -4.973 -5.047 -5.120 -5.198 -5.324 -5.387 -5.403
0.0152 0.01508 7.68000 7.2149529457 2.6216016409    7.212  3.894  3.9074  1.983    5  0.000  0.392     0.00     0.00     0.00     0.00     0.00 -1    -1e-30      0.00 6.828e-01 3.019e-01 1.742e-03 2.534e-03 5.924e-03 -1.000 1.535e-02 -4.966 -4.883 -5.001 -5.040 -5.093 -5.153 -5.251 -5.300 -5.311
0.0152 0.01508 7.68000 7.2195162773 2.6216117768    7.217  3.900  3.9179  2.020    5  0.000  0.392     0.00     0.00     0.00     0.00     0.00 -1    -1e-30      0.00 6.828e-01 3.019e-01 1.742e-03 2.534e-03 5.924e-03 -1.000 1.535e-02 -4.979 -4.932 -5.013 -5.031 -5.072 -5.121 -5.200 -5.240 -5.248
0.0152 0.01508 7.68000 7.2257404327 2.6216255778    7.223  3.905  3.9262  2.048    5  0.000  0.392     0.00     0.00     0.00     0.00     0.00 -1    -1e-30      0.00 6.828e-01 3.019e-01 1.742e-03 2.533e-03 5.924e-03 -1.000 1.535e-02 -4.993 -4.969 -5.019 -5.023 -5.057 -5.097 -5.161 -5.195 -5.201
0.0152 0.01508 7.68000 7.2304096222 2.6216359130    7.228  3.906  3.9229  2.034    5  0.000  0.392     0.00     0.00     0.00     0.00     0.00 -1    -1e-30      0.00 6.828e-01 3.019e-01 1.742e-03 2.533e-03 5.924e-03 -1.000 1.535e-02 -4.996 -4.964 -5.026 -5.035 -5.072 -5.116 -5.186 -5.222 -5.228
0.0152 0.01508 7.68000 7.2397084236 2.6216564501    7.237  3.909  3.9151  2.001    6  0.000  0.392     0.00     0.00     0.00     0.00     0.00 -1    -1e-30      0.00 6.828e-01 3.019e-01 1.742e-03 2.533e-03 5.924e-03 -1.000 1.535e-02 -5.003 -4.948 -5.038 -5.061 -5.105 -5.157 -5.240 -5.283 -5.292
0.0152 0.01508 7.68000 7.2467708588 2.6216720076    7.244  3.911  3.9087  1.973    6  0.000  0.392     0.00     0.00     0.00     0.00     0.00 -1    -1e-30      0.00 6.828e-01 3.019e-01 1.742e-03 2.533e-03 5.924e-03 -1.000 1.534e-02 -5.009 -4.932 -5.045 -5.080 -5.132 -5.190 -5.285 -5.333 -5.344
0.0152 0.01508 7.68000 7.2573847771 2.6216953230    7.255  3.915  3.8994  1.933    6  0.000  0.392     0.00     0.00     0.00     0.00     0.00 -1    -1e-30      0.00 6.828e-01 3.018e-01 1.742e-03 2.533e-03 5.924e-03 -1.000 1.534e-02 -5.018 -4.906 -5.049 -5.105 -5.169 -5.238 -5.351 -5.407 -5.421
0.0152 0.01508 7.68000 7.2660717964 2.6217143473    7.263  3.918  3.8915  1.899    6  0.000  0.392     0.00     0.00     0.00     0.00     0.00 -1    -1e-30      0.00 6.828e-01 3.018e-01 1.742e-03 2.533e-03 5.924e-03 -1.000 1.534e-02 -5.025 -4.881 -5.047 -5.123 -5.198 -5.277 -5.405 -5.470 -5.486
0.0152 0.01508 7.68000 7.2720923424 2.6217275014    7.269  3.919  3.8847  1.871    6  0.000  0.392     0.00     0.00     0.00     0.00     0.00 -1    -1e-30      0.00 6.828e-01 3.018e-01 1.742e-03 2.533e-03 5.924e-03 -1.000 1.534e-02 -5.029 -4.856 -5.038 -5.133 -5.219 -5.308 -5.450 -5.523 -5.541
0.0152 0.01508 7.68000 7.2759456635 2.6217359073    7.273  3.920  3.8793  1.849    6  0.000  0.392     0.00     0.00     0.00     0.00     0.00 -1    -1e-30      0.00 6.828e-01 3.018e-01 1.742e-03 2.533e-03 5.924e-03 -1.000 1.534e-02 -5.030 -4.833 -5.028 -5.139 -5.234 -5.331 -5.484 -5.563 -5.583
0.0152 0.01508 7.68000 7.2798948288 2.6217445117    7.277  3.920  3.8726  1.822    6  0.000  0.392     0.00     0.00     0.00     0.00     0.00 -1    -1e-30      0.00 6.828e-01 3.018e-01 1.743e-03 2.533e-03 5.924e-03 -1.000 1.534e-02 -5.031 -4.803 -5.011 -5.143 -5.250 -5.358 -5.524 -5.613 -5.634
0.0152 0.01508 7.68000 7.2829885483 2.6217512447    7.280  3.921  3.8667  1.798    6  0.000  0.392     0.00     0.00     0.00     0.00     0.00 -1    -1e-30      0.00 6.828e-01 3.018e-01 1.743e-03 2.533e-03 5.924e-03 -1.000 1.534e-02 -5.031 -4.775 -4.994 -5.145 -5.263 -5.381 -5.560 -5.656 -5.679
0.0152 0.01508 7.68000 7.2850499153 2.6217557273    7.282  3.920  3.8619  1.780    6  0.000  0.392     0.00     0.00     0.00     0.00     0.00 -1    -1e-30      0.00 6.828e-01 3.018e-01 1.743e-03 2.533e-03 5.924e-03 -1.000 1.534e-02 -5.031 -4.751 -4.978 -5.145 -5.273 -5.399 -5.587 -5.690 -5.715
0.0152 0.01508 7.68000 7.2873730659 2.6217607757    7.285  3.920  3.8562  1.757    6  0.000  0.392     0.00     0.00     0.00     0.00     0.00 -1    -1e-30      0.00 6.828e-01 3.018e-01 1.743e-03 2.532e-03 5.924e-03 -1.000 1.534e-02 -5.030 -4.720 -4.954 -5.144 -5.284 -5.420 -5.620 -5.732 -5.758
0.0152 0.01508 7.68000 7.2891893387 2.6217647200    7.287  3.920  3.8510  1.737    6  0.000  0.392     0.00     0.00     0.00     0.00     0.00 -1    -1e-30      0.00 6.828e-01 3.018e-01 1.743e-03 2.532e-03 5.924e-03 -1.000 1.534e-02 -5.029 -4.691 -4.930 -5.142 -5.294 -5.439 -5.650 -5.770 -5.797
0.0152 0.01508 7.68000 7.2908253670 2.6217682710    7.288  3.919  3.8459  1.717    6  0.000  0.392     0.00     0.00     0.00     0.00     0.00 -1    -1e-30      0.00 6.828e-01 3.018e-01 1.743e-03 2.532e-03 5.924e-03 -1.000 1.534e-02 -5.028 -4.661 -4.904 -5.138 -5.302 -5.457 -5.679 -5.807 -5.835
0.0152 0.01508 7.68000 7.2922511101 2.6217713641    7.290  3.920  3.8417  1.699    6  0.000  0.392     0.00     0.00     0.00     0.00     0.00 -1    -1e-30      0.00 6.828e-01 3.018e-01 1.743e-03 2.532e-03 5.924e-03 -1.000 1.534e-02 -5.031 -4.639 -4.887 -5.140 -5.313 -5.476 -5.707 -5.842 -5.871
0.0152 0.01508 7.68000 7.2934918404 2.6217740546    7.291  3.922  3.8379  1.683    6  0.000  0.392     0.00     0.00     0.00     0.00     0.00 -1    -1e-30      0.00 6.828e-01 3.018e-01 1.743e-03 2.532e-03 5.924e-03 -1.000 1.534e-02 -5.034 -4.621 -4.871 -5.141 -5.324 -5.493 -5.732 -5.874 -5.904
0.0152 0.01508 7.68000 7.2946147919 2.6217764888    7.292  3.927  3.8442  1.703    6  0.000  0.392     0.00     0.00     0.00     0.00     0.00 -1    -1e-30      0.00 6.828e-01 3.018e-01 1.743e-03 2.532e-03 5.924e-03 -1.000 1.534e-02 -5.048 -4.671 -4.916 -5.158 -5.325 -5.483 -5.709 -5.840 -5.868
0.0152 0.01508 7.68000 7.2949004173 2.6217771078    7.292  3.930  3.8459  1.707    6  0.000  0.392     0.00     0.00     0.00     0.00     0.00 -1    -1e-30      0.00 6.828e-01 3.018e-01 1.743e-03 2.532e-03 5.924e-03 -1.000 1.534e-02 -5.055 -4.688 -4.932 -5.165 -5.329 -5.484 -5.706 -5.834 -5.862
0.0152 0.01508 7.68000 7.2950015068 2.6217773269    7.292  3.931  3.8471  1.710    6  0.000  0.392     0.00     0.00     0.00     0.00     0.00 -1    -1e-30      0.00 6.828e-01 3.018e-01 1.743e-03 2.532e-03 5.924e-03 -1.000 1.534e-02 -5.057 -4.697 -4.940 -5.169 -5.330 -5.482 -5.701 -5.828 -5.856
0.0152 0.01508 7.68000 7.2950954437 2.6217775305    7.293  3.932  3.8485  1.715    6  0.000  0.392     0.00     0.00     0.00     0.00     0.00 -1    -1e-30      0.00 6.828e-01 3.018e-01 1.743e-03 2.532e-03 5.924e-03 -1.000 1.534e-02 -5.059 -4.707 -4.949 -5.171 -5.328 -5.478 -5.694 -5.818 -5.846
0.0152 0.01508 7.68000 7.2951745987 2.6217777020    7.293  3.932  3.8500  1.721    6  0.000  0.392     0.00     0.00     0.00     0.00     0.00 -1    -1e-30      0.00 6.828e-01 3.018e-01 1.743e-03 2.532e-03 5.924e-03 -1.000 1.534e-02 -5.059 -4.716 -4.956 -5.172 -5.326 -5.473 -5.686 -5.808 -5.835
0.0152 0.01508 7.68000 7.2952504158 2.6217778663    7.293  3.932  3.8514  1.727    6  0.000  0.392     0.00     0.00     0.00     0.00     0.00 -1    -1e-30      0.00 6.828e-01 3.018e-01 1.743e-03 2.532e-03 5.924e-03 -1.000 1.534e-02 -5.059 -4.723 -4.962 -5.172 -5.323 -5.467 -5.677 -5.797 -5.824
0.0152 0.01508 7.68000 7.2953257561 2.6217780296    7.293  3.931  3.8528  1.733    6  0.000  0.392     0.00     0.00     0.00     0.00     0.00 -1    -1e-30      0.00 6.828e-01 3.018e-01 1.743e-03 2.532e-03 5.924e-03 -1.000 1.534e-02 -5.058 -4.730 -4.968 -5.171 -5.319 -5.461 -5.668 -5.786 -5.812
0.0152 0.01508 7.68000 7.2954053879 2.6217782021    7.293  3.931  3.8542  1.739    6  0.000  0.392     0.00     0.00     0.00     0.00     0.00 -1    -1e-30      0.00 6.828e-01 3.018e-01 1.743e-03 2.532e-03 5.924e-03 -1.000 1.534e-02 -5.057 -4.736 -4.972 -5.170 -5.315 -5.455 -5.659 -5.774 -5.800
0.0152 0.01508 7.68000 7.2954936028 2.6217783932    7.293  3.930  3.8555  1.745    6  0.000  0.392     0.00     0.00     0.00     0.00     0.00 -1    -1e-30      0.00 6.828e-01 3.018e-01 1.743e-03 2.532e-03 5.924e-03 -1.000 1.534e-02 -5.055 -4.742 -4.977 -5.169 -5.311 -5.448 -5.649 -5.762 -5.788
0.0152 0.01508 7.68000 7.2955975533 2.6217786185    7.293  3.929  3.8568  1.751    6  0.000  0.392     0.00     0.00     0.00     0.00     0.00 -1    -1e-30      0.00 6.828e-01 3.018e-01 1.743e-03 2.532e-03 5.924e-03 -1.000 1.534e-02 -5.053 -4.746 -4.980 -5.167 -5.306 -5.441 -5.639 -5.750 -5.776
0.0152 0.01508 7.68000 7.2957763672 2.6217790059    7.293  3.928  3.8582  1.758    6  0.000  0.392     0.00     0.00     0.00     0.00     0.00 -1    -1e-30      0.00 6.828e-01 3.018e-01 1.743e-03 2.532e-03 5.924e-03 -1.000 1.534e-02 -5.049 -4.750 -4.982 -5.163 -5.299 -5.431 -5.627 -5.736 -5.761
0.0152 0.01508 7.68000 7.2965002060 2.6217805739    7.294  3.925  3.8575  1.759    6  0.000  0.392     0.00     0.00     0.00     0.00     0.00 -1    -1e-30      0.00 6.829e-01 3.018e-01 1.743e-03 2.532e-03 5.924e-03 -1.000 1.534e-02 -5.041 -4.738 -4.971 -5.155 -5.293 -5.426 -5.623 -5.733 -5.759
0.0152 0.01508 7.68000 7.2983846664 2.6217846545    7.296  3.924  3.8511  1.733    6  0.000  0.392     0.00     0.00     0.00     0.00     0.00 -1    -1e-30      0.00 6.829e-01 3.018e-01 1.743e-03 2.532e-03 5.924e-03 -1.000 1.534e-02 -5.041 -4.703 -4.943 -5.154 -5.306 -5.451 -5.662 -5.782 -5.809
0.0152 0.01508 7.68000 7.3021168709 2.6217927291    7.299  3.924  3.8405  1.691    6  0.000  0.392     0.00     0.00     0.00     0.00     0.00 -1    -1e-30      0.00 6.829e-01 3.018e-01 1.743e-03 2.532e-03 5.924e-03 -1.000 1.534e-02 -5.040 -4.642 -4.890 -5.148 -5.324 -5.489 -5.722 -5.860 -5.889
0.0152 0.01508 7.68000 7.3056364059 2.6218003348    7.303  3.922  3.8285  1.645    6  0.000  0.392     0.00     0.00     0.00     0.00     0.00 -1    -1e-30      0.00 6.829e-01 3.018e-01 1.743e-03 2.532e-03 5.924e-03 -1.000 1.534e-02 -5.036 -4.564 -4.822 -5.138 -5.342 -5.529 -5.789 -5.947 -5.979
0.0152 0.01508 7.68000 7.3086609840 2.6218068642    7.306  3.921  3.8160  1.597    6  0.000  0.392     0.00     0.00     0.00     0.00     0.00 -1    -1e-30      0.00 6.829e-01 3.018e-01 1.743e-03 2.532e-03 5.924e-03 -1.000 1.534e-02 -5.032 -4.474 -4.743 -5.120 -5.355 -5.566 -5.855 -6.037 -6.072
0.0152 0.01508 7.68000 7.3110475540 2.6218120120    7.309  3.919  3.8046  1.554    6  0.000  0.392     0.00     0.00     0.00     0.00     0.00 -1    -1e-30      0.00 6.829e-01 3.018e-01 1.743e-03 2.532e-03 5.924e-03 -1.000 1.534e-02 -5.027 -4.375 -4.664 -5.102 -5.367 -5.599 -5.915 -6.120 -6.157
0.0152 0.01508 7.68000 7.3127207756 2.6218156187    7.310  3.917  3.7955  1.519    6  0.000  0.392     0.00     0.00     0.00     0.00     0.00 -1    -1e-30      0.00 6.829e-01 3.018e-01 1.743e-03 2.532e-03 5.924e-03 -1.000 1.534e-02 -5.023 -4.293 -4.596 -5.083 -5.371 -5.622 -5.960 -6.184 -6.225
0.0152 0.01508 7.68000 7.3146018982 2.6218196713    7.312  3.915  3.7837  1.474    6  0.000  0.392     0.00     0.00     0.00     0.00     0.00 -1    -1e-30      0.00 6.829e-01 3.018e-01 1.743e-03 2.532e-03 5.924e-03 -1.000 1.534e-02 -5.017 -4.159 -4.499 -5.055 -5.378 -5.653 -6.020 -6.268 -6.314
0.0152 0.01508 7.68000 7.3162312508 2.6218231796    7.314  3.912  3.7720  1.430    6  0.000  0.392     0.00     0.00     0.00     0.00     0.00 -1    -1e-30      0.00 6.829e-01 3.018e-01 1.743e-03 2.532e-03 5.924e-03 -1.000 1.534e-02 -5.010 -3.997 -4.386 -5.021 -5.380 -5.682 -6.080 -6.357 -6.408
0.0152 0.01508 7.68000 7.3174920082 2.6218258930    7.315  3.910  3.7618  1.392    6  0.000  0.392     0.00     0.00     0.00     0.00     0.00 -1    -1e-30      0.00 6.829e-01 3.018e-01 1.743e-03 2.532e-03 5.924e-03 -1.000 1.534e-02 -5.005 -3.854 -4.290 -4.989 -5.377 -5.701 -6.127 -6.428 -6.482
0.0152 0.01508 7.68000 7.3186302185 2.6218283418    7.316  3.907  3.7516  1.353    6  0.000  0.392     0.00     0.00     0.00     0.00     0.00 -1    -1e-30      0.00 6.829e-01 3.018e-01 1.743e-03 2.532e-03 5.924e-03 -1.000 1.534e-02 -4.998 -3.704 -4.196 -4.955 -5.371 -5.714 -6.168 -6.493 -6.550
0.0152 0.01508 7.68000 7.3196172714 2.6218304646    7.317  3.905  3.7415  1.316    6  0.000  0.392     0.00     0.00     0.00     0.00     0.00 -1    -1e-30      0.00 6.829e-01 3.018e-01 1.743e-03 2.532e-03 5.924e-03 -1.000 1.534e-02 -4.992 -3.512 -4.087 -4.916 -5.363 -5.727 -6.210 -6.561 -6.622
0.0152 0.01508 7.68000 7.3204798698 2.6218323192    7.318  3.902  3.7322  1.281    6  0.000  0.392     0.00     0.00     0.00     0.00     0.00 -1    -1e-30      0.00 6.829e-01 3.018e-01 1.743e-03 2.532e-03 5.924e-03 -1.000 1.534e-02 -4.985 -3.351 -3.992 -4.876 -5.349 -5.731 -6.243 -6.618 -6.681
0.0152 0.01508 7.68000 7.3212332726 2.6218339386    7.319  3.899  3.7234  1.249    6  0.000  0.392     0.00     0.00     0.00     0.00     0.00 -1    -1e-30      0.00 6.829e-01 3.018e-01 1.743e-03 2.532e-03 5.924e-03 -1.000 1.534e-02 -4.978 -3.189 -3.898 -4.835 -5.332 -5.731 -6.272 -6.671 -6.735
0.0152 0.01508 7.68000 7.3220486641 2.6218356909    7.320  3.895  3.7133  1.212    6  0.000  0.392     0.00     0.00     0.00     0.00     0.00 -1    -1e-30      0.00 6.829e-01 3.018e-01 1.743e-03 2.532e-03 5.924e-03 -1.000 1.534e-02 -4.968 -2.988 -3.785 -4.783 -5.308 -5.726 -6.302 -6.730 -6.795
0.0152 0.01508 7.68000 7.3226175308 2.6218369131    7.320  3.892  3.7058  1.186    6  0.000  0.392     0.00     0.00     0.00     0.00     0.00 -1    -1e-30      0.00 6.829e-01 3.018e-01 1.743e-03 2.532e-03 5.924e-03 -1.000 1.534e-02 -4.960 -2.831 -3.700 -4.741 -5.287 -5.719 -6.322 -6.771 -6.837
0.0152 0.01508 7.68000 7.3231291771 2.6218380122    7.321  3.889  3.6997  1.165    6  0.000  0.392     0.00     0.00     0.00     0.00     0.00 -1    -1e-30      0.00 6.829e-01 3.018e-01 1.743e-03 2.532e-03 5.924e-03 -1.000 1.534e-02 -4.952 -2.696 -3.627 -4.704 -5.267 -5.711 -6.336 -6.803 -6.871
0.0152 0.01508 7.68000 7.3236126900 2.6218390507    7.321  3.885  3.6934  1.143    6  0.000  0.392     0.00     0.00     0.00     0.00     0.00 -1    -1e-30      0.00 6.829e-01 3.018e-01 1.743e-03 2.532e-03 5.924e-03 -1.000 1.534e-02 -4.943 -2.551 -3.551 -4.665 -5.245 -5.700 -6.348 -6.832 -6.903
0.0152 0.01508 7.68000 7.3241000175 2.6218400972    7.322  3.881  3.6871  1.122    6  0.000  0.392     0.00     0.00     0.00     0.00     0.00 -1    -1e-30      0.00 6.829e-01 3.018e-01 1.743e-03 2.532e-03 5.924e-03 -1.000 1.534e-02 -4.933 -2.400 -3.473 -4.623 -5.220 -5.687 -6.360 -6.861 -6.935
0.0152 0.01508 7.68000 7.3246235847 2.6218412214    7.322  3.876  3.6801  1.099    6  0.000  0.392     0.00     0.00     0.00     0.00     0.00 -1    -1e-30      0.00 6.829e-01 3.018e-01 1.743e-03 2.532e-03 5.924e-03 -1.000 1.534e-02 -4.920 -2.276 -3.394 -4.579 -5.190 -5.667 -6.367 -6.882 -6.964
0.0152 0.01508 7.68000 7.3253026009 2.6218426790    7.323  3.868  3.6717  1.073    6  0.000  0.392     0.00     0.00     0.00     0.00     0.00 -1    -1e-30      0.00 6.829e-01 3.018e-01 1.743e-03 2.532e-03 5.924e-03 -1.000 1.534e-02 -4.901 -2.132 -3.293 -4.519 -5.148 -5.635 -6.369 -6.899 -6.993
0.0152 0.01508 7.68000 7.3261823654 2.6218445672    7.324  3.857  3.6611  1.042    6  0.000  0.392     0.00     0.00     0.00     0.00     0.00 -1    -1e-30      0.00 6.829e-01 3.018e-01 1.743e-03 2.532e-03 5.924e-03 -1.000 1.534e-02 -4.874 -1.952 -3.160 -4.437 -5.085 -5.590 -6.367 -6.913 -7.025
0.0152 0.01508 7.68000 7.3269939423 2.6218463085    7.325  3.846  3.6514  1.014    6  0.000  0.392     0.00     0.00     0.00     0.00     0.00 -1    -1e-30      0.00 6.829e-01 3.018e-01 1.743e-03 2.532e-03 5.924e-03 -1.000 1.534e-02 -4.846 -1.702 -3.014 -4.343 -5.017 -5.543 -6.362 -6.931 -7.056
0.0152 0.01508 7.68000 7.3287873268 2.6218501549    7.326  3.832  3.6353  0.965    6  0.000  0.392     0.00     0.00     0.00     0.00     0.00 -1    -1e-30      0.00 6.829e-01 3.018e-01 1.743e-03 2.532e-03 5.924e-03 -1.000 1.534e-02 -4.809 -1.224 -2.759 -4.174 -4.901 -5.473 -6.362 -6.978 -7.121
0.0152 0.01508 7.68000 7.3404545784 2.6218751256    7.338  3.830  3.6074  0.855    6  0.000  0.392     0.00     0.00     0.00     0.00     0.00 -1    -1e-30      0.00 6.829e-01 3.018e-01 1.743e-03 2.532e-03 5.924e-03 -1.000 1.534e-02 -4.805 -0.437 -2.329 -3.885 -4.719 -5.398 -6.412 -7.118 -7.295
0.0152 0.01508 7.68000 7.3434557915 2.6218815341    7.341  3.865  3.6014  0.796    6  0.000  0.392     0.00     0.00     0.00     0.00     0.00 -1    -1e-30      0.00 6.829e-01 3.018e-01 1.743e-03 2.532e-03 5.924e-03 -1.000 1.533e-02 -4.892 -0.343 -2.312 -3.899 -4.759 -5.469 -6.512 -7.236 -7.422
0.0152 0.01508 7.68000 7.3438115120 2.6218822933    7.341  3.877  3.5997  0.777    6  0.000  0.392     0.00     0.00     0.00     0.00     0.00 -1    -1e-30      0.00 6.829e-01 3.018e-01 1.743e-03 2.532e-03 5.924e-03 -1.000 1.533e-02 -4.923 -0.321 -2.312 -3.909 -4.777 -5.494 -6.546 -7.275 -7.463
0.0152 0.01508 7.68000 7.3438572884 2.6218823910    7.341  3.881  3.5993  0.772    6  0.000  0.392     0.00     0.00     0.00     0.00     0.00 -1    -1e-30      0.00 6.829e-01 3.018e-01 1.743e-03 2.532e-03 5.924e-03 -1.000 1.533e-02 -4.932 -0.317 -2.313 -3.911 -4.781 -5.502 -6.556 -7.285 -7.474
0.0152 0.01508 7.68000 7.3443298340 2.6218833994    7.342  3.891  3.5982  0.758    6  0.000  0.392     0.00     0.00     0.00     0.00     0.00 -1    -1e-30      0.00 6.829e-01 3.018e-01 1.743e-03 2.532e-03 5.924e-03 -1.000 1.533e-02 -4.958 -0.308 -2.317 -3.921 -4.796 -5.524 -6.584 -7.317 -7.508
0.0152 0.01508 7.68000 7.3446269035 2.6218840332    7.342  3.905  3.5966  0.737    6  0.000  0.392     0.00     0.00     0.00     0.00     0.00 -1    -1e-30      0.00 6.829e-01 3.018e-01 1.743e-03 2.532e-03 5.924e-03 -1.000 1.533e-02 -4.992 -0.293 -2.321 -3.933 -4.816 -5.554 -6.622 -7.359 -7.553
0.0152 0.01508 7.68000 7.3447985649 2.6218843994    7.342  3.915  3.5956  0.724    7  0.000  0.392    59.67    38.37    26.24    19.24    15.90  4    -1e-30      0.00 6.829e-01 3.018e-01 1.743e-03 2.532e-03 5.924e-03 -1.000 1.533e-02 -5.016 -0.285 -2.325 -3.943 -4.831 -5.575 -6.649 -7.389 -7.584
0.0152 0.01508 7.68000 7.3450670242 2.6218849721    7.343  3.927  3.5943  0.706    7  0.000  0.392    62.04    39.59    27.04    19.83    16.39  4    -1e-30      0.00 6.829e-01 3.018e-01 1.743e-03 2.532e-03 5.924e-03 -1.000 1.533e-02 -5.047 -0.275 -2.331 -3.955 -4.849 -5.602 -6.682 -7.426 -7.623
0.0152 0.01508 7.68000 7.3454146385 2.6218857136    7.343  3.940  3.5929  0.688    7  0.000  0.392    64.67    40.95    27.92    20.49    16.94  4    -1e-30      0.00 6.829e-01 3.018e-01 1.741e-03 2.533e-03 5.924e-03 -1.000 1.533e-02 -5.080 -0.265 -2.337 -3.969 -4.869 -5.631 -6.718 -7.465 -7.664
0.0152 0.01508 7.68000 7.3457522392 2.6218864337    7.343  3.950  3.5919  0.673    7  0.000  0.391    66.83    42.05    28.64    21.02    17.38  4    -1e-30      0.00 6.829e-01 3.018e-01 1.738e-03 2.537e-03 5.924e-03 -1.000 1.533e-02 -5.106 -0.256 -2.341 -3.979 -4.885 -5.653 -6.746 -7.496 -7.697
0.0152 0.01508 7.68000 7.3461904526 2.6218873683    7.344  3.963  3.5905  0.655    7  0.000  0.390    69.50    43.40    29.52    21.68    17.92  4    -1e-30      0.00 6.829e-01 3.018e-01 1.735e-03 2.541e-03 5.924e-03 -1.000 1.533e-02 -5.136 -0.244 -2.345 -3.991 -4.903 -5.680 -6.780 -7.533 -7.736
0.0152 0.01508 7.68000 7.3466925621 2.6218884389    7.344  3.977  3.5889  0.635    7  0.000  0.390    72.80    45.06    30.60    22.48    18.59  4    -1e-30      0.00 6.829e-01 3.018e-01 1.732e-03 2.544e-03 5.924e-03 -1.000 1.536e-02 -5.172 -0.233 -2.349 -4.001 -4.922 -5.711 -6.819 -7.577 -7.783
0.0152 0.01508 7.68000 7.3471970558 2.6218895145    7.345  3.990  3.5875  0.615    7  0.000  0.389    76.01    46.66    31.63    23.26    19.23  4    -1e-30      0.00 6.829e-01 3.018e-01 1.730e-03 2.547e-03 5.924e-03 -1.000 1.536e-02 -5.206 -0.224 -2.352 -4.010 -4.938 -5.739 -6.856 -7.618 -7.826
0.0152 0.01508 7.68000 7.3476681709 2.6218905187    7.345  4.002  3.5861  0.598    7  0.000  0.388    78.98    48.13    32.58    23.97    19.82  4    -1e-30      0.00 6.828e-01 3.018e-01 1.727e-03 2.553e-03 5.921e-03 -1.000 1.536e-02 -5.235 -0.215 -2.354 -4.017 -4.952 -5.764 -6.889 -7.654 -7.864
0.0152 0.01508 7.68000 7.3480982780 2.6218914355    7.346  4.014  3.5848  0.582    7  0.000  0.388    81.98    49.61    33.54    24.68    20.41  4    -1e-30      0.00 6.826e-01 3.021e-01 1.723e-03 2.563e-03 5.914e-03 -1.000 1.537e-02 -5.264 -0.206 -2.355 -4.024 -4.965 -5.789 -6.920 -7.689 -7.902
0.0152 0.01508 7.68000 7.3487420082 2.6218928072    7.346  4.026  3.5835  0.564    7  0.000  0.388    85.24    51.20    34.56    25.45    21.05  4    -1e-30      0.00 6.807e-01 3.040e-01 1.717e-03 2.584e-03 5.899e-03 -1.000 1.537e-02 -5.295 -0.199 -2.359 -4.033 -4.981 -5.815 -6.954 -7.726 -7.941
0.0152 0.01508 7.68000 7.3506112099 2.6218967890    7.348  4.056  3.5803  0.521    7  0.000  0.387    93.80    55.31    37.21    27.43    22.69  4    -1e-30      0.00 6.761e-01 3.086e-01 1.705e-03 2.630e-03 5.864e-03 -1.000 1.535e-02 -5.370 -0.181 -2.367 -4.055 -5.020 -5.880 -7.036 -7.817 -8.037
0.0152 0.01508 7.68000 7.3536057472 2.6219031630    7.351  4.126  3.5727  0.421    7  0.000  0.387   117.38    66.31    44.25    32.70    27.06  4    -1e-30      0.00 6.755e-01 3.091e-01 1.700e-03 2.644e-03 5.855e-03 -1.000 1.537e-02 -5.545 -0.148 -2.359 -4.066 -5.078 -6.025 -7.232 -8.031 -8.262
0.0152 0.01508 7.68000 7.3576612473 2.6219117857    7.355  4.173  3.5680  0.356    7  0.000  0.387   135.93    74.66    49.55    36.68    30.37  4    -1e-30      0.00 6.731e-01 3.115e-01 1.692e-03 2.674e-03 5.831e-03 -1.000 1.537e-02 -5.662 -0.139 -2.354 -4.071 -5.115 -6.123 -7.362 -8.171 -8.411
0.0152 0.01508 7.68000 7.3583207130 2.6219131869    7.356  4.172  3.5682  0.357    7  0.000  0.386   135.44    74.44    49.42    36.58    30.28  4    -1e-30      0.00 6.727e-01 3.119e-01 1.690e-03 2.679e-03 5.827e-03 -1.000 1.537e-02 -5.661 -0.142 -2.359 -4.076 -5.118 -6.123 -7.360 -8.169 -8.408
0.0152 0.01508 7.68000 7.3587927818 2.6219141897    7.357  4.168  3.5688  0.364    7  0.000  0.386   133.34    73.51    48.82    36.14    29.91  4    -1e-30      0.00 6.724e-01 3.123e-01 1.689e-03 2.683e-03 5.824e-03 -1.000 1.537e-02 -5.649 -0.145 -2.363 -4.080 -5.118 -6.114 -7.347 -8.154 -8.392
0.0152 0.01508 7.68000 7.3591394424 2.6219149260    7.357  4.162  3.5695  0.373    7  0.000  0.386   130.90    72.42    48.13    35.62    29.48  4    -1e-30      0.00 6.722e-01 3.124e-01 1.688e-03 2.685e-03 5.823e-03 -1.000 1.537e-02 -5.635 -0.147 -2.367 -4.084 -5.117 -6.103 -7.331 -8.137 -8.374
0.0152 0.01508 7.68000 7.3598475456 2.6219164297    7.358  4.167  3.5690  0.366    7  0.000  0.386   132.96    73.34    48.72    36.05    29.85  4    -1e-30      0.00 6.721e-01 3.125e-01 1.687e-03 2.687e-03 5.822e-03 -1.000 1.537e-02 -5.648 -0.147 -2.366 -4.083 -5.120 -6.113 -7.345 -8.152 -8.390
0.0152 0.01508 7.68000 7.3606534004 2.6219181407    7.358  4.182  3.5673  0.344    7  0.000  0.386   139.62    76.29    50.59    37.46    31.02  4    -1e-30      0.00 6.721e-01 3.126e-01 1.686e-03 2.689e-03 5.821e-03 -1.000 1.537e-02 -5.686 -0.144 -2.358 -4.077 -5.126 -6.144 -7.388 -8.198 -8.439
0.0152 0.01508 7.68000 7.3637619019 2.6219247364    7.362  4.214  3.5640  0.299    7  0.000  0.385   154.47    82.79    54.70    40.55    33.58  3    -1e-30      0.00 6.718e-01 3.129e-01 1.679e-03 2.699e-03 5.818e-03 -1.000 1.537e-02 -5.766 -0.141 -2.346 -4.067 -5.142 -6.208 -7.477 -8.295 -8.541
0.0152 0.01508 7.68000 7.3643960953 2.6219260812    7.362  4.221  3.5633  0.289    7  0.000  0.384   157.90    84.27    55.63    41.26    34.16  3    -1e-30      0.00 6.717e-01 3.129e-01 1.678e-03 2.701e-03 5.818e-03 -1.000 1.537e-02 -5.784 -0.141 -2.344 -4.065 -5.146 -6.222 -7.497 -8.316 -8.564
0.0152 0.01508 7.68000 7.3669734001 2.6219315439    7.365  4.237  3.5618  0.267    7  0.000  0.383   165.81    87.67    57.77    42.87    35.50  3    -1e-30      0.00 6.714e-01 3.132e-01 1.672e-03 2.710e-03 5.815e-03 -1.000 1.537e-02 -5.823 -0.141 -2.339 -4.062 -5.155 -6.254 -7.541 -8.363 -8.613
0.0152 0.01508 7.68000 7.3682212830 2.6219341873    7.366  4.252  3.5602  0.246    7  0.000  0.383   173.89    91.10    59.93    44.50    36.85  3    -1e-30      0.00 6.713e-01 3.133e-01 1.670e-03 2.714e-03 5.814e-03 -1.000 1.537e-02 -5.860 -0.139 -2.332 -4.056 -5.161 -6.283 -7.582 -8.408 -8.661
0.0152 0.01508 7.68000 7.3760304451 2.6219507058    7.374  4.298  3.5556  0.182    7  0.000  0.380   200.63   102.26    66.92    49.77    41.23  3    -1e-30      0.00 6.708e-01 3.139e-01 1.657e-03 2.735e-03 5.808e-03 -1.000 1.537e-02 -5.976 -0.142 -2.302 -4.018 -5.168 -6.368 -7.712 -8.546 -8.807
0.0152 0.01508 7.68000 7.3924479485 2.6219853025    7.390  4.375  3.5501  0.084    7  0.000  0.379   250.15   122.19    79.34    59.15    49.03  3    -1e-30      0.00 6.320e-01 3.527e-01 1.556e-03 3.160e-03 5.468e-03 -1.000 1.534e-02 -6.168 -0.183 -2.308 -4.020 -5.228 -6.525 -7.923 -8.766 -9.037
#isochrone terminated
