1.033976000000000006e+00
1.037093000000000043e+00
9.998759999999999870e-01
9.550969999999999738e-01
1.008062000000000014e+00
1.061717999999999940e+00
1.094716999999999940e+00
1.242982999999999949e+00
1.120076000000000072e+00
1.068503999999999898e+00
1.112873999999999919e+00
9.747270000000000101e-01
1.136128000000000027e+00
1.035573999999999995e+00
1.090492000000000017e+00
9.873420000000000529e-01
1.089758000000000004e+00
1.005616000000000065e+00
1.111105999999999927e+00
1.083021999999999929e+00
1.083204999999999973e+00
1.003911999999999916e+00
1.081398999999999999e+00
1.062850000000000072e+00
1.056334000000000106e+00
9.986500000000000377e-01
1.048318000000000083e+00
1.037069999999999936e+00
1.034132000000000051e+00
1.012794999999999890e+00
9.588480000000000336e-01
1.041622999999999966e+00
1.079792000000000085e+00
1.042351000000000028e+00
1.012458000000000080e+00
1.027633999999999936e+00
9.485329999999999595e-01
1.063758999999999899e+00
1.021165000000000100e+00
1.005962000000000023e+00
1.016858000000000040e+00
9.671750000000000069e-01
1.004054000000000002e+00
1.028358000000000105e+00
1.039619999999999989e+00
1.002693999999999974e+00
1.056645999999999974e+00
1.008580000000000032e+00
1.096324000000000076e+00
1.009498000000000006e+00
1.101178999999999908e+00
9.729259999999999575e-01
1.044129000000000085e+00
1.085429999999999895e+00
1.122174000000000005e+00
1.123803000000000107e+00
1.061034999999999950e+00
1.013387000000000038e+00
1.129874999999999963e+00
1.050202000000000080e+00
1.000000000000000000e+00
9.486900000000000333e-01
1.058934000000000042e+00
9.976650000000000240e-01
1.112743999999999955e+00
9.612159999999999593e-01
1.143235999999999919e+00
9.448999999999999622e-01
1.090977000000000086e+00
1.025149000000000088e+00
1.021824000000000066e+00
9.872889999999999722e-01
9.795439999999999703e-01
1.121380999999999961e+00
1.049034000000000022e+00
9.424080000000000235e-01
1.010563000000000100e+00
9.928120000000000278e-01
9.966300000000000159e-01
1.103841000000000072e+00
1.019308000000000103e+00
1.075431000000000026e+00
1.003133999999999970e+00
1.041535000000000100e+00
9.281220000000000026e-01
9.866880000000000095e-01
1.145961999999999925e+00
1.189507000000000092e+00
1.006828999999999974e+00
1.080748999999999960e+00
1.083836999999999939e+00
9.904560000000000031e-01
9.859989999999999588e-01
1.102950000000000097e+00
1.044885999999999981e+00
1.032006999999999897e+00
1.018359999999999932e+00
1.013660000000000005e+00
9.423620000000000330e-01
1.071512999999999938e+00
1.029727000000000059e+00
1.052103000000000010e+00
1.001166000000000000e+00
1.034202999999999983e+00
1.081574999999999953e+00
1.074980999999999964e+00
1.039233000000000073e+00
1.012694999999999901e+00
1.019859000000000071e+00
9.792330000000000201e-01
1.055153000000000008e+00
1.051894000000000107e+00
9.919750000000000512e-01
9.822100000000000275e-01
9.895439999999999792e-01
9.651849999999999596e-01
1.110066999999999915e+00
9.948029999999999928e-01
1.102376000000000023e+00
1.067442000000000002e+00
1.070696000000000092e+00
9.781910000000000327e-01
9.849010000000000264e-01
1.049112999999999962e+00
1.106103000000000058e+00
1.097555000000000058e+00
1.013787999999999911e+00
1.025913000000000075e+00
9.830919999999999659e-01
1.035749999999999948e+00
1.080846999999999891e+00
1.112392000000000047e+00
9.523620000000000418e-01
1.109245000000000037e+00
9.773519999999999985e-01
1.026704999999999979e+00
1.075873000000000079e+00
9.494010000000000504e-01
9.364470000000000294e-01
1.000728000000000062e+00
1.089545999999999903e+00
9.840759999999999508e-01
1.092344999999999899e+00
1.111942999999999904e+00
1.013608000000000064e+00
1.006504000000000065e+00
1.085145999999999944e+00
1.080128999999999895e+00
9.715319999999999512e-01
1.062105999999999995e+00
9.719160000000000021e-01
9.051379999999999981e-01
9.470699999999999674e-01
9.788320000000000354e-01
1.045446000000000097e+00
9.678229999999999889e-01
9.979839999999999822e-01
1.104249000000000036e+00
1.099067000000000016e+00
9.312390000000000390e-01
1.002656999999999909e+00
1.004982999999999960e+00
1.044529000000000041e+00
9.920149999999999801e-01
9.936859999999999582e-01
1.076203999999999938e+00
9.791149999999999576e-01
1.012925999999999993e+00
1.025371999999999950e+00
1.017738999999999949e+00
1.026534999999999975e+00
2.356466000000000172e+00
9.644709999999999672e-01
9.577339999999999742e-01
1.028092000000000006e+00
9.822809999999999597e-01
9.804319999999999702e-01
1.032707000000000042e+00
9.714800000000000102e-01
9.951309999999999878e-01
9.901630000000000154e-01
1.008937999999999890e+00
1.060251999999999972e+00
9.607280000000000264e-01
1.190244000000000080e+00
9.311460000000000292e-01
1.018513000000000002e+00
1.062966999999999995e+00
1.086475000000000080e+00
1.026211999999999902e+00
9.703220000000000178e-01
9.836059999999999803e-01
1.101547999999999972e+00
9.364149999999999974e-01
9.919270000000000032e-01
1.065708000000000100e+00
9.451009999999999689e-01
1.108985000000000110e+00
9.548379999999999646e-01
9.311949999999999950e-01
9.878000000000000114e-01
9.156339999999999479e-01
1.115277999999999992e+00
9.897460000000000147e-01
1.095299000000000023e+00
9.609820000000000029e-01
9.794159999999999533e-01
9.779029999999999667e-01
9.719050000000000189e-01
9.867899999999999450e-01
1.046856000000000009e+00
1.040939999999999976e+00
9.772199999999999775e-01
9.728809999999999958e-01
1.064102000000000103e+00
1.037282000000000037e+00
9.551889999999999548e-01
1.014569999999999972e+00
1.087229000000000001e+00
9.326820000000000110e-01
9.199000000000000510e-01
1.010937999999999892e+00
9.966629999999999656e-01
9.829480000000000439e-01
9.862880000000000535e-01
9.635259999999999936e-01
9.389809999999999546e-01
1.024939999999999962e+00
1.017144000000000048e+00
9.912400000000000100e-01
9.811370000000000369e-01
1.037176000000000098e+00
1.002696999999999949e+00
1.007028000000000034e+00
1.013500000000000068e+00
9.862389999999999768e-01
1.006286999999999932e+00
9.988380000000000036e-01
1.005271000000000026e+00
9.818710000000000493e-01
