1.004712999999999967e+00
1.009786000000000072e+00
1.019031999999999938e+00
1.033563000000000009e+00
1.103423000000000043e+00
1.058186000000000071e+00
1.108379999999999921e+00
1.031150000000000011e+00
1.031790999999999903e+00
1.001833999999999891e+00
1.026243999999999934e+00
1.005363999999999924e+00
1.012189999999999923e+00
1.056759000000000004e+00
1.015600999999999976e+00
1.012701000000000073e+00
9.829440000000000399e-01
9.960379999999999789e-01
1.013646999999999965e+00
1.040620000000000100e+00
1.115696999999999939e+00
1.032215000000000105e+00
1.016102000000000061e+00
9.967949999999999866e-01
1.010269000000000084e+00
1.004436000000000107e+00
1.002544000000000102e+00
1.000923000000000007e+00
1.025868000000000002e+00
1.024191999999999991e+00
1.016848999999999892e+00
1.018165999999999904e+00
1.016818999999999917e+00
9.971670000000000256e-01
1.015338999999999992e+00
9.984960000000000502e-01
9.953800000000000425e-01
1.005881999999999943e+00
1.039422999999999986e+00
1.000377999999999989e+00
1.011460000000000026e+00
1.010278999999999927e+00
1.014102000000000059e+00
1.019481999999999999e+00
1.019238000000000088e+00
1.042780000000000040e+00
1.019635000000000069e+00
1.020604999999999984e+00
1.000080999999999998e+00
1.017627000000000059e+00
1.030567999999999929e+00
1.016197000000000017e+00
1.022567999999999921e+00
1.094838999999999896e+00
1.063485999999999931e+00
1.035735000000000072e+00
1.009603000000000028e+00
1.031158999999999937e+00
1.017665999999999960e+00
1.011290999999999940e+00
1.000000000000000000e+00
1.023800999999999961e+00
1.023738999999999955e+00
9.983229999999999604e-01
9.934380000000000432e-01
9.943990000000000329e-01
1.013778000000000068e+00
1.014823999999999948e+00
1.032473999999999892e+00
1.011328999999999922e+00
9.965739999999999599e-01
1.042199000000000098e+00
1.019260000000000055e+00
1.007683000000000106e+00
9.908639999999999670e-01
1.009217000000000031e+00
1.039660999999999946e+00
1.065768999999999966e+00
1.029841000000000006e+00
1.043284000000000100e+00
9.967719999999999914e-01
1.006834999999999924e+00
9.958019999999999650e-01
9.982330000000000370e-01
1.027908999999999962e+00
1.008915000000000006e+00
1.022038000000000002e+00
1.002159999999999940e+00
9.954349999999999588e-01
1.003327999999999998e+00
9.829539999999999944e-01
1.018423000000000078e+00
1.019368999999999970e+00
9.997200000000000530e-01
1.001754000000000033e+00
9.789449999999999541e-01
1.000485999999999986e+00
9.943410000000000304e-01
1.002521999999999913e+00
1.013203999999999994e+00
9.846000000000000307e-01
1.022772000000000014e+00
9.873180000000000289e-01
1.021257999999999999e+00
1.004720000000000057e+00
1.007905999999999969e+00
9.975819999999999688e-01
1.003405000000000102e+00
9.948230000000000128e-01
1.001235000000000097e+00
1.013574999999999893e+00
9.991259999999999586e-01
1.022040999999999977e+00
1.010753999999999930e+00
1.021681999999999979e+00
1.022926000000000002e+00
1.020013999999999976e+00
1.035787999999999931e+00
1.050030999999999937e+00
1.024917999999999996e+00
1.021300000000000097e+00
1.033979999999999899e+00
1.046810000000000018e+00
1.027946999999999944e+00
1.013026999999999900e+00
1.008142000000000094e+00
1.013911000000000007e+00
1.046909000000000090e+00
1.043925999999999910e+00
1.035085999999999951e+00
1.006698000000000093e+00
1.006142000000000092e+00
1.020593000000000083e+00
9.932149999999999590e-01
1.011478000000000099e+00
1.009646999999999961e+00
1.022061000000000108e+00
1.002270999999999912e+00
1.008294999999999941e+00
9.954990000000000228e-01
1.012991999999999893e+00
1.017222000000000071e+00
1.000591000000000008e+00
1.002081999999999917e+00
1.114794000000000063e+00
1.019031999999999938e+00
1.015581000000000067e+00
1.020582000000000100e+00
1.016661000000000037e+00
1.019511000000000056e+00
9.998669999999999503e-01
1.018540000000000001e+00
1.021554000000000073e+00
1.024431000000000092e+00
9.850860000000000172e-01
1.008429999999999938e+00
1.022917000000000076e+00
9.837900000000000533e-01
1.023520999999999903e+00
1.020426999999999973e+00
1.017864000000000102e+00
1.013033999999999990e+00
9.966559999999999864e-01
9.982680000000000442e-01
9.798189999999999955e-01
1.004485999999999990e+00
1.005141000000000062e+00
1.017387999999999959e+00
1.004434000000000049e+00
2.325979999999999936e+00
9.936840000000000117e-01
1.000790999999999986e+00
9.980839999999999712e-01
1.004847999999999963e+00
9.717710000000000514e-01
9.881849999999999801e-01
9.773370000000000113e-01
9.891950000000000465e-01
9.862469999999999848e-01
1.004971999999999976e+00
1.000135999999999914e+00
9.762330000000000174e-01
1.006752000000000091e+00
9.795230000000000325e-01
1.014210000000000056e+00
1.038507999999999987e+00
1.027168999999999999e+00
9.770459999999999701e-01
9.828820000000000334e-01
9.920600000000000529e-01
1.000502999999999920e+00
9.916660000000000474e-01
9.822959999999999470e-01
9.883300000000000418e-01
1.011397000000000101e+00
9.733669999999999822e-01
9.795620000000000438e-01
1.006499999999999950e+00
9.704859999999999598e-01
9.912710000000000132e-01
9.820689999999999698e-01
9.828649999999999887e-01
9.860769999999999813e-01
9.904100000000000126e-01
9.972480000000000233e-01
9.972269999999999746e-01
1.006885999999999948e+00
9.722239999999999771e-01
9.808740000000000236e-01
9.848310000000000120e-01
1.009439999999999893e+00
9.809710000000000374e-01
9.797829999999999595e-01
9.858719999999999706e-01
1.009033000000000069e+00
9.924910000000000121e-01
1.025805999999999996e+00
9.894840000000000302e-01
9.805300000000000127e-01
1.005506000000000011e+00
9.857329999999999703e-01
1.003479000000000010e+00
9.790240000000000054e-01
9.791490000000000471e-01
9.823129999999999917e-01
9.973729999999999540e-01
1.012143999999999933e+00
1.005176000000000069e+00
9.860130000000000283e-01
9.981370000000000520e-01
9.696890000000000231e-01
1.000658000000000047e+00
9.766070000000000029e-01
9.767219999999999791e-01
9.927070000000000061e-01
9.737719999999999709e-01
9.982990000000000475e-01
9.837110000000000021e-01
