9.991050000000000209e-01
1.044073000000000029e+00
9.880649999999999711e-01
1.084962999999999900e+00
1.048205999999999971e+00
9.135950000000000459e-01
8.996170000000000000e-01
9.653829999999999911e-01
8.902099999999999458e-01
9.395210000000000505e-01
1.567692000000000085e+00
1.116603999999999930e+00
1.033331000000000000e+00
1.099259999999999904e+00
1.129075000000000051e+00
9.487679999999999447e-01
9.279199999999999671e-01
8.946939999999999893e-01
1.000480999999999954e+00
9.734589999999999632e-01
9.579239999999999977e-01
1.109963999999999951e+00
8.704889999999999572e-01
9.153890000000000082e-01
1.023344000000000031e+00
9.460159999999999680e-01
1.102389999999999981e+00
9.303850000000000176e-01
9.470809999999999507e-01
8.698040000000000216e-01
9.542960000000000331e-01
9.700220000000000509e-01
9.864600000000000035e-01
9.185470000000000024e-01
9.534810000000000230e-01
9.705350000000000366e-01
9.891130000000000200e-01
8.932120000000000060e-01
9.399739999999999762e-01
9.431220000000000159e-01
9.183810000000000029e-01
8.908760000000000012e-01
9.443920000000000092e-01
8.409259999999999513e-01
9.311909999999999910e-01
9.200350000000000472e-01
9.742180000000000284e-01
9.263339999999999907e-01
8.612300000000000511e-01
9.103930000000000078e-01
1.013473999999999986e+00
1.558062999999999976e+00
1.081488000000000005e+00
9.661089999999999955e-01
8.958390000000000519e-01
9.599560000000000315e-01
9.565759999999999819e-01
9.452009999999999579e-01
1.043023999999999951e+00
1.075290000000000079e+00
1.000000000000000000e+00
9.663019999999999943e-01
1.022156999999999982e+00
9.771180000000000421e-01
8.816929999999999490e-01
9.679999999999999716e-01
9.435839999999999783e-01
9.057560000000000056e-01
9.290500000000000425e-01
9.264869999999999495e-01
8.825380000000000447e-01
8.686760000000000037e-01
9.096859999999999946e-01
9.679370000000000474e-01
1.029749000000000025e+00
9.448729999999999629e-01
9.263120000000000243e-01
1.013085000000000013e+00
9.939780000000000282e-01
9.526900000000000368e-01
9.039270000000000360e-01
9.322449999999999903e-01
1.069117000000000095e+00
9.274419999999999886e-01
1.140308000000000099e+00
1.015606000000000009e+00
8.659339999999999815e-01
9.200960000000000250e-01
9.154980000000000340e-01
9.316330000000000444e-01
1.151496000000000075e+00
9.741429999999999811e-01
1.005868999999999902e+00
1.006104000000000109e+00
8.860139999999999683e-01
9.946570000000000134e-01
9.729139999999999455e-01
9.333299999999999930e-01
9.708710000000000395e-01
8.618280000000000385e-01
8.500889999999999835e-01
9.065199999999999925e-01
9.143550000000000288e-01
9.118619999999999504e-01
9.776920000000000055e-01
9.804819999999999647e-01
1.169370000000000021e+00
1.009838000000000013e+00
8.880679999999999685e-01
9.435689999999999911e-01
1.054381000000000013e+00
8.789200000000000346e-01
1.002497999999999889e+00
9.542490000000000139e-01
9.842049999999999965e-01
9.564810000000000256e-01
9.169420000000000348e-01
9.653770000000000406e-01
8.472319999999999851e-01
9.003179999999999517e-01
8.903860000000000108e-01
9.636379999999999946e-01
1.514258000000000104e+00
9.398389999999999800e-01
1.000606000000000106e+00
9.109019999999999895e-01
8.934130000000000127e-01
1.466534000000000004e+00
1.011319999999999997e+00
9.835270000000000401e-01
9.348769999999999580e-01
9.728350000000000053e-01
8.921810000000000018e-01
1.083790999999999949e+00
1.059620999999999924e+00
1.130068999999999990e+00
9.367969999999999908e-01
8.416620000000000212e-01
9.511119999999999575e-01
9.061310000000000198e-01
9.106229999999999603e-01
8.009330000000000060e-01
9.281540000000000346e-01
9.020599999999999730e-01
9.291589999999999572e-01
9.094240000000000101e-01
9.810680000000000511e-01
1.431831000000000076e+00
9.020789999999999642e-01
9.442829999999999835e-01
1.433910999999999936e+00
8.465110000000000134e-01
9.066779999999999839e-01
9.558900000000000174e-01
9.183559999999999501e-01
9.055429999999999868e-01
9.623909999999999965e-01
9.042989999999999640e-01
1.366284000000000054e+00
9.909949999999999593e-01
8.154489999999999794e-01
1.003101000000000020e+00
9.797150000000000025e-01
8.214920000000000000e-01
9.675150000000000139e-01
8.472060000000000146e-01
9.625719999999999832e-01
9.681030000000000468e-01
9.857380000000000031e-01
8.901459999999999928e-01
8.625829999999999886e-01
9.900710000000000344e-01
9.300869999999999971e-01
9.641840000000000410e-01
1.004550999999999972e+00
2.115280999999999967e+00
9.244799999999999685e-01
8.748580000000000245e-01
9.211589999999999501e-01
9.404339999999999922e-01
9.160540000000000349e-01
9.246020000000000350e-01
8.746159999999999490e-01
8.867399999999999727e-01
8.837779999999999525e-01
9.349800000000000333e-01
1.045614999999999961e+00
9.219370000000000065e-01
9.358090000000000019e-01
9.181690000000000129e-01
9.283439999999999470e-01
9.753589999999999760e-01
9.786559999999999704e-01
8.997110000000000385e-01
8.368120000000000003e-01
8.508750000000000480e-01
9.847219999999999862e-01
9.419530000000000403e-01
9.647480000000000500e-01
9.602840000000000265e-01
1.021657999999999955e+00
8.599569999999999714e-01
9.308309999999999640e-01
1.029557999999999973e+00
9.362110000000000154e-01
8.361459999999999448e-01
9.048359999999999737e-01
8.743649999999999478e-01
8.511469999999999869e-01
8.641760000000000552e-01
8.717780000000000529e-01
1.058740000000000014e+00
9.632140000000000146e-01
8.941430000000000211e-01
9.944899999999999851e-01
9.445480000000000542e-01
8.789869999999999628e-01
8.708369999999999722e-01
9.949130000000000473e-01
9.446539999999999937e-01
9.486210000000000475e-01
9.757040000000000157e-01
9.456919999999999771e-01
8.678620000000000223e-01
8.849820000000000464e-01
9.957179999999999920e-01
9.661530000000000395e-01
9.304679999999999618e-01
9.263759999999999772e-01
8.985469999999999846e-01
8.693689999999999474e-01
9.172649999999999970e-01
9.503160000000000496e-01
9.838019999999999543e-01
9.143000000000000016e-01
9.430979999999999919e-01
8.745880000000000321e-01
9.962539999999999729e-01
9.681680000000000286e-01
8.938350000000000461e-01
9.213350000000000151e-01
8.727540000000000298e-01
8.915060000000000207e-01
9.241390000000000438e-01
