2.788000000000000000e+03
2.102000000000000000e+03
2.085000000000000000e+03
2.067000000000000000e+03
2.048000000000000000e+03
2.030000000000000000e+03
1.994000000000000000e+03
1.977000000000000000e+03
1.963000000000000000e+03
1.947000000000000000e+03
1.932000000000000000e+03
1.900000000000000000e+03
1.889000000000000000e+03
1.878000000000000000e+03
1.865000000000000000e+03
1.857000000000000000e+03
1.817000000000000000e+03
1.806000000000000000e+03
1.797000000000000000e+03
1.786500000000000000e+03
1.779000000000000000e+03
1.766000000000000000e+03
1.756000000000000000e+03
1.747000000000000000e+03
1.740000000000000000e+03
1.734000000000000000e+03
1.719000000000000000e+03
1.714000000000000000e+03
1.709000000000000000e+03
1.702000000000000000e+03
1.697000000000000000e+03
1.687000000000000000e+03
1.684000000000000000e+03
1.678000000000000000e+03
1.674000000000000000e+03
1.668000000000000000e+03
1.656000000000000000e+03
1.648000000000000000e+03
1.643000000000000000e+03
1.640000000000000000e+03
1.635000000000000000e+03
1.630000000000000000e+03
1.624000000000000000e+03
1.622000000000000000e+03
1.617000000000000000e+03
1.614000000000000000e+03
1.613000000000000000e+03
1.603000000000000000e+03
1.594000000000000000e+03
1.593000000000000000e+03
1.590000000000000000e+03
1.589000000000000000e+03
1.585500000000000000e+03
1.571000000000000000e+03
1.571000000000000000e+03
1.568000000000000000e+03
1.565000000000000000e+03
1.564000000000000000e+03
1.557000000000000000e+03
1.554000000000000000e+03
1.551000000000000000e+03
1.550000000000000000e+03
1.549000000000000000e+03
1.547000000000000000e+03
1.545000000000000000e+03
1.540000000000000000e+03
1.539000000000000000e+03
1.538000000000000000e+03
1.537000000000000000e+03
1.537000000000000000e+03
1.531000000000000000e+03
1.531000000000000000e+03
1.530000000000000000e+03
1.531000000000000000e+03
1.531000000000000000e+03
1.527000000000000000e+03
1.525000000000000000e+03
1.523000000000000000e+03
1.523000000000000000e+03
1.522000000000000000e+03
1.522000000000000000e+03
1.522000000000000000e+03
1.519000000000000000e+03
1.519000000000000000e+03
1.521000000000000000e+03
1.519000000000000000e+03
1.518000000000000000e+03
1.516000000000000000e+03
1.516000000000000000e+03
1.517000000000000000e+03
1.517000000000000000e+03
1.517000000000000000e+03
1.514000000000000000e+03
1.512000000000000000e+03
1.512000000000000000e+03
1.513000000000000000e+03
1.513000000000000000e+03
1.510000000000000000e+03
1.507000000000000000e+03
1.506000000000000000e+03
1.506000000000000000e+03
1.507000000000000000e+03
1.505000000000000000e+03
1.505000000000000000e+03
1.505000000000000000e+03
1.506000000000000000e+03
1.505000000000000000e+03
1.502000000000000000e+03
1.501000000000000000e+03
1.502000000000000000e+03
1.502000000000000000e+03
1.501000000000000000e+03
1.502000000000000000e+03
1.501000000000000000e+03
1.500000000000000000e+03
1.499000000000000000e+03
1.499000000000000000e+03
1.497000000000000000e+03
1.496000000000000000e+03
1.495000000000000000e+03
1.496000000000000000e+03
1.497000000000000000e+03
1.495000000000000000e+03
1.496000000000000000e+03
1.495000000000000000e+03
1.495000000000000000e+03
1.496000000000000000e+03
1.495000000000000000e+03
1.495000000000000000e+03
1.496000000000000000e+03
1.496000000000000000e+03
1.496000000000000000e+03
1.495000000000000000e+03
1.496000000000000000e+03
1.496000000000000000e+03
1.497000000000000000e+03
1.497000000000000000e+03
1.493000000000000000e+03
1.494000000000000000e+03
1.494000000000000000e+03
1.497000000000000000e+03
1.499000000000000000e+03
1.499000000000000000e+03
1.498000000000000000e+03
1.497000000000000000e+03
1.502000000000000000e+03
1.509000000000000000e+03
1.519000000000000000e+03
1.517000000000000000e+03
1.511000000000000000e+03
1.508000000000000000e+03
1.502000000000000000e+03
1.506000000000000000e+03
1.509000000000000000e+03
1.517000000000000000e+03
1.526000000000000000e+03
1.529000000000000000e+03
1.533000000000000000e+03
1.538000000000000000e+03
1.544000000000000000e+03
1.542000000000000000e+03
1.550000000000000000e+03
1.542000000000000000e+03
1.542000000000000000e+03
1.536000000000000000e+03
1.529000000000000000e+03
1.536000000000000000e+03
1.536000000000000000e+03
1.537000000000000000e+03
1.511000000000000000e+03
1.521000000000000000e+03
1.525000000000000000e+03
1.527000000000000000e+03
1.529000000000000000e+03
1.522000000000000000e+03
1.520000000000000000e+03
1.524000000000000000e+03
1.520000000000000000e+03
1.519000000000000000e+03
1.508000000000000000e+03
1.505000000000000000e+03
1.504000000000000000e+03
1.502000000000000000e+03
1.503000000000000000e+03
1.502000000000000000e+03
1.505500000000000000e+03
1.506000000000000000e+03
1.511000000000000000e+03
1.513000000000000000e+03
1.516000000000000000e+03
1.519000000000000000e+03
1.518000000000000000e+03
1.512000000000000000e+03
1.514000000000000000e+03
1.511000000000000000e+03
1.508000000000000000e+03
1.502000000000000000e+03
1.500000000000000000e+03
1.498000000000000000e+03
1.495000000000000000e+03
1.493000000000000000e+03
1.490000000000000000e+03
1.489000000000000000e+03
1.491000000000000000e+03
1.493000000000000000e+03
1.493000000000000000e+03
1.491000000000000000e+03
1.490000000000000000e+03
1.489000000000000000e+03
1.487000000000000000e+03
1.487000000000000000e+03
1.489000000000000000e+03
1.488000000000000000e+03
1.490000000000000000e+03
1.483000000000000000e+03
1.484000000000000000e+03
1.484000000000000000e+03
1.485000000000000000e+03
1.485000000000000000e+03
1.482000000000000000e+03
1.483000000000000000e+03
1.480000000000000000e+03
1.480000000000000000e+03
1.477000000000000000e+03
1.478000000000000000e+03
1.479000000000000000e+03
1.476000000000000000e+03
1.477000000000000000e+03
1.477000000000000000e+03
1.478000000000000000e+03
1.477000000000000000e+03
1.478000000000000000e+03
1.477000000000000000e+03
1.476000000000000000e+03
1.477000000000000000e+03
1.479000000000000000e+03
1.476000000000000000e+03
1.475000000000000000e+03
1.477000000000000000e+03
1.473000000000000000e+03
1.471000000000000000e+03
1.470000000000000000e+03
1.470000000000000000e+03
1.473000000000000000e+03
1.471000000000000000e+03
1.476000000000000000e+03
1.476000000000000000e+03
1.477000000000000000e+03
1.478000000000000000e+03
1.476000000000000000e+03
1.477000000000000000e+03
1.476000000000000000e+03
1.474500000000000000e+03
1.477000000000000000e+03
1.479000000000000000e+03
1.477000000000000000e+03
1.476000000000000000e+03
1.460000000000000000e+03
1.460000000000000000e+03
1.461000000000000000e+03
1.464000000000000000e+03
1.459000000000000000e+03
1.448000000000000000e+03
1.447000000000000000e+03
1.446000000000000000e+03
1.445000000000000000e+03
1.444500000000000000e+03
1.440000000000000000e+03
1.438000000000000000e+03
1.435000000000000000e+03
1.435000000000000000e+03
1.437000000000000000e+03
1.439000000000000000e+03
1.440000000000000000e+03
1.441000000000000000e+03
1.438000000000000000e+03
1.438000000000000000e+03
1.436000000000000000e+03
1.436000000000000000e+03
1.438000000000000000e+03
1.439000000000000000e+03
1.439000000000000000e+03
