3.820000000000000000e+03
2.436000000000000000e+03
2.423000000000000000e+03
2.406000000000000000e+03
2.386000000000000000e+03
2.370000000000000000e+03
2.337000000000000000e+03
2.320000000000000000e+03
2.309000000000000000e+03
2.295000000000000000e+03
2.278000000000000000e+03
2.256000000000000000e+03
2.248000000000000000e+03
2.237000000000000000e+03
2.228000000000000000e+03
2.223000000000000000e+03
2.192000000000000000e+03
2.182000000000000000e+03
2.173000000000000000e+03
2.163000000000000000e+03
2.158000000000000000e+03
2.149000000000000000e+03
2.137000000000000000e+03
2.128000000000000000e+03
2.122000000000000000e+03
2.117000000000000000e+03
2.107000000000000000e+03
2.105000000000000000e+03
2.099000000000000000e+03
2.094000000000000000e+03
2.090000000000000000e+03
2.083000000000000000e+03
2.079000000000000000e+03
2.076000000000000000e+03
2.071000000000000000e+03
2.066000000000000000e+03
2.055000000000000000e+03
2.047000000000000000e+03
2.041000000000000000e+03
2.038000000000000000e+03
2.035000000000000000e+03
2.031000000000000000e+03
2.022000000000000000e+03
2.022000000000000000e+03
2.018000000000000000e+03
2.017000000000000000e+03
2.017000000000000000e+03
2.004000000000000000e+03
1.997000000000000000e+03
1.995000000000000000e+03
1.995000000000000000e+03
1.994000000000000000e+03
1.989000000000000000e+03
1.972000000000000000e+03
1.972000000000000000e+03
1.967000000000000000e+03
1.964000000000000000e+03
1.963000000000000000e+03
1.955000000000000000e+03
1.951000000000000000e+03
1.946000000000000000e+03
1.946000000000000000e+03
1.944000000000000000e+03
1.942000000000000000e+03
1.942000000000000000e+03
1.935000000000000000e+03
1.934000000000000000e+03
1.933000000000000000e+03
1.933000000000000000e+03
1.933000000000000000e+03
1.927000000000000000e+03
1.927000000000000000e+03
1.926000000000000000e+03
1.928000000000000000e+03
1.929000000000000000e+03
1.924000000000000000e+03
1.922000000000000000e+03
1.917000000000000000e+03
1.918000000000000000e+03
1.917000000000000000e+03
1.917000000000000000e+03
1.917000000000000000e+03
1.914000000000000000e+03
1.915000000000000000e+03
1.916000000000000000e+03
1.915000000000000000e+03
1.913000000000000000e+03
1.910000000000000000e+03
1.913000000000000000e+03
1.913000000000000000e+03
1.912000000000000000e+03
1.914000000000000000e+03
1.909000000000000000e+03
1.906000000000000000e+03
1.906000000000000000e+03
1.906000000000000000e+03
1.906000000000000000e+03
1.902000000000000000e+03
1.897000000000000000e+03
1.894000000000000000e+03
1.895000000000000000e+03
1.897000000000000000e+03
1.894000000000000000e+03
1.895000000000000000e+03
1.897000000000000000e+03
1.897000000000000000e+03
1.896000000000000000e+03
1.889000000000000000e+03
1.888000000000000000e+03
1.889000000000000000e+03
1.889000000000000000e+03
1.889000000000000000e+03
1.890000000000000000e+03
1.889000000000000000e+03
1.885000000000000000e+03
1.885000000000000000e+03
1.884000000000000000e+03
1.884000000000000000e+03
1.883000000000000000e+03
1.880000000000000000e+03
1.880000000000000000e+03
1.884000000000000000e+03
1.881000000000000000e+03
1.880000000000000000e+03
1.881000000000000000e+03
1.879000000000000000e+03
1.882000000000000000e+03
1.882000000000000000e+03
1.881000000000000000e+03
1.883000000000000000e+03
1.881000000000000000e+03
1.883000000000000000e+03
1.882000000000000000e+03
1.881000000000000000e+03
1.882000000000000000e+03
1.884000000000000000e+03
1.885000000000000000e+03
1.877000000000000000e+03
1.879000000000000000e+03
1.879000000000000000e+03
1.882000000000000000e+03
1.886000000000000000e+03
1.885000000000000000e+03
1.884000000000000000e+03
1.884000000000000000e+03
1.891000000000000000e+03
1.906000000000000000e+03
1.924000000000000000e+03
1.920000000000000000e+03
1.908000000000000000e+03
1.904000000000000000e+03
1.893000000000000000e+03
1.899000000000000000e+03
1.906000000000000000e+03
1.920000000000000000e+03
1.938000000000000000e+03
1.942000000000000000e+03
1.950000000000000000e+03
1.957000000000000000e+03
1.970000000000000000e+03
1.967000000000000000e+03
1.981000000000000000e+03
1.968000000000000000e+03
1.967000000000000000e+03
1.955000000000000000e+03
1.942000000000000000e+03
1.956000000000000000e+03
1.954000000000000000e+03
1.956000000000000000e+03
1.910000000000000000e+03
1.927000000000000000e+03
1.936000000000000000e+03
1.939000000000000000e+03
1.942000000000000000e+03
1.931000000000000000e+03
1.926000000000000000e+03
1.932000000000000000e+03
1.924000000000000000e+03
1.923000000000000000e+03
1.903000000000000000e+03
1.897000000000000000e+03
1.894000000000000000e+03
1.893000000000000000e+03
1.894000000000000000e+03
1.892000000000000000e+03
1.899000000000000000e+03
1.900000000000000000e+03
1.908000000000000000e+03
1.914000000000000000e+03
1.916000000000000000e+03
1.922000000000000000e+03
1.919000000000000000e+03
1.909000000000000000e+03
1.912000000000000000e+03
1.908000000000000000e+03
1.904000000000000000e+03
1.893000000000000000e+03
1.888000000000000000e+03
1.884000000000000000e+03
1.879000000000000000e+03
1.875000000000000000e+03
1.871000000000000000e+03
1.868000000000000000e+03
1.869000000000000000e+03
1.874000000000000000e+03
1.872000000000000000e+03
1.871000000000000000e+03
1.868000000000000000e+03
1.864000000000000000e+03
1.861000000000000000e+03
1.862000000000000000e+03
1.866000000000000000e+03
1.864000000000000000e+03
1.868000000000000000e+03
1.855000000000000000e+03
1.855000000000000000e+03
1.854000000000000000e+03
1.857000000000000000e+03
1.856000000000000000e+03
1.851000000000000000e+03
1.852000000000000000e+03
1.846000000000000000e+03
1.844000000000000000e+03
1.840000000000000000e+03
1.841000000000000000e+03
1.843000000000000000e+03
1.838000000000000000e+03
1.839000000000000000e+03
1.840000000000000000e+03
1.842000000000000000e+03
1.841000000000000000e+03
1.841000000000000000e+03
1.839000000000000000e+03
1.839000000000000000e+03
1.840000000000000000e+03
1.843000000000000000e+03
1.838000000000000000e+03
1.835000000000000000e+03
1.839000000000000000e+03
1.832000000000000000e+03
1.829000000000000000e+03
1.824500000000000000e+03
1.826000000000000000e+03
1.830000000000000000e+03
1.826000000000000000e+03
1.833000000000000000e+03
1.837000000000000000e+03
1.837000000000000000e+03
1.837000000000000000e+03
1.836000000000000000e+03
1.836000000000000000e+03
1.836000000000000000e+03
1.833000000000000000e+03
1.838000000000000000e+03
1.841000000000000000e+03
1.837000000000000000e+03
1.836000000000000000e+03
1.815000000000000000e+03
1.816000000000000000e+03
1.819000000000000000e+03
1.822000000000000000e+03
1.814000000000000000e+03
1.797000000000000000e+03
1.795000000000000000e+03
1.792000000000000000e+03
1.792000000000000000e+03
1.790000000000000000e+03
1.781000000000000000e+03
1.779000000000000000e+03
1.771000000000000000e+03
1.771000000000000000e+03
1.773000000000000000e+03
1.771000000000000000e+03
1.772000000000000000e+03
1.772000000000000000e+03
1.766000000000000000e+03
1.768000000000000000e+03
1.760000000000000000e+03
1.760000000000000000e+03
1.762000000000000000e+03
1.765000000000000000e+03
1.764000000000000000e+03
