3.175000000000000000e+03
1.692000000000000000e+03
1.683000000000000000e+03
1.672000000000000000e+03
1.659000000000000000e+03
1.647000000000000000e+03
1.626000000000000000e+03
1.615000000000000000e+03
1.608000000000000000e+03
1.598000000000000000e+03
1.587000000000000000e+03
1.573000000000000000e+03
1.568000000000000000e+03
1.562000000000000000e+03
1.557000000000000000e+03
1.555000000000000000e+03
1.534000000000000000e+03
1.529000000000000000e+03
1.523000000000000000e+03
1.517000000000000000e+03
1.514000000000000000e+03
1.509000000000000000e+03
1.500000000000000000e+03
1.495000000000000000e+03
1.490000000000000000e+03
1.488000000000000000e+03
1.482000000000000000e+03
1.481000000000000000e+03
1.478000000000000000e+03
1.474000000000000000e+03
1.473000000000000000e+03
1.469000000000000000e+03
1.467000000000000000e+03
1.464000000000000000e+03
1.462000000000000000e+03
1.460000000000000000e+03
1.453000000000000000e+03
1.448000000000000000e+03
1.444000000000000000e+03
1.442000000000000000e+03
1.440000000000000000e+03
1.437000000000000000e+03
1.432000000000000000e+03
1.433000000000000000e+03
1.430000000000000000e+03
1.429000000000000000e+03
1.429000000000000000e+03
1.422000000000000000e+03
1.417000000000000000e+03
1.417000000000000000e+03
1.416000000000000000e+03
1.417000000000000000e+03
1.415000000000000000e+03
1.402000000000000000e+03
1.402000000000000000e+03
1.398000000000000000e+03
1.396000000000000000e+03
1.396000000000000000e+03
1.390000000000000000e+03
1.388000000000000000e+03
1.384000000000000000e+03
1.385000000000000000e+03
1.383000000000000000e+03
1.382000000000000000e+03
1.382000000000000000e+03
1.377000000000000000e+03
1.377000000000000000e+03
1.376000000000000000e+03
1.376000000000000000e+03
1.378000000000000000e+03
1.373000000000000000e+03
1.373000000000000000e+03
1.373000000000000000e+03
1.373000000000000000e+03
1.375000000000000000e+03
1.372000000000000000e+03
1.371000000000000000e+03
1.368000000000000000e+03
1.367000000000000000e+03
1.367000000000000000e+03
1.367000000000000000e+03
1.368000000000000000e+03
1.364000000000000000e+03
1.365000000000000000e+03
1.366000000000000000e+03
1.365000000000000000e+03
1.365000000000000000e+03
1.362000000000000000e+03
1.364000000000000000e+03
1.364000000000000000e+03
1.364000000000000000e+03
1.366000000000000000e+03
1.363000000000000000e+03
1.361000000000000000e+03
1.361000000000000000e+03
1.360000000000000000e+03
1.360000000000000000e+03
1.356000000000000000e+03
1.354000000000000000e+03
1.353000000000000000e+03
1.353000000000000000e+03
1.354000000000000000e+03
1.352000000000000000e+03
1.353000000000000000e+03
1.355000000000000000e+03
1.354000000000000000e+03
1.355000000000000000e+03
1.349000000000000000e+03
1.349000000000000000e+03
1.349000000000000000e+03
1.348000000000000000e+03
1.348000000000000000e+03
1.349000000000000000e+03
1.349000000000000000e+03
1.347000000000000000e+03
1.346000000000000000e+03
1.345000000000000000e+03
1.344000000000000000e+03
1.344000000000000000e+03
1.344000000000000000e+03
1.343000000000000000e+03
1.346000000000000000e+03
1.344000000000000000e+03
1.344500000000000000e+03
1.345000000000000000e+03
1.344000000000000000e+03
1.344000000000000000e+03
1.344000000000000000e+03
1.345000000000000000e+03
1.345000000000000000e+03
1.345000000000000000e+03
1.346000000000000000e+03
1.344000000000000000e+03
1.344000000000000000e+03
1.345000000000000000e+03
1.347000000000000000e+03
1.346000000000000000e+03
1.341000000000000000e+03
1.343000000000000000e+03
1.343000000000000000e+03
1.344000000000000000e+03
1.347000000000000000e+03
1.347000000000000000e+03
1.346000000000000000e+03
1.345000000000000000e+03
1.350000000000000000e+03
1.362000000000000000e+03
1.375000000000000000e+03
1.372000000000000000e+03
1.363000000000000000e+03
1.360000000000000000e+03
1.352000000000000000e+03
1.357000000000000000e+03
1.362000000000000000e+03
1.372000000000000000e+03
1.385000000000000000e+03
1.388000000000000000e+03
1.395000000000000000e+03
1.399000000000000000e+03
1.409000000000000000e+03
1.407000000000000000e+03
1.417000000000000000e+03
1.409000000000000000e+03
1.408000000000000000e+03
1.399000000000000000e+03
1.389000000000000000e+03
1.399000000000000000e+03
1.398000000000000000e+03
1.400000000000000000e+03
1.366000000000000000e+03
1.379000000000000000e+03
1.385000000000000000e+03
1.387000000000000000e+03
1.390000000000000000e+03
1.381000000000000000e+03
1.377000000000000000e+03
1.382000000000000000e+03
1.376000000000000000e+03
1.376000000000000000e+03
1.360000000000000000e+03
1.356000000000000000e+03
1.354000000000000000e+03
1.354000000000000000e+03
1.355000000000000000e+03
1.354000000000000000e+03
1.359000000000000000e+03
1.359000000000000000e+03
1.366000000000000000e+03
1.369000000000000000e+03
1.370000000000000000e+03
1.375000000000000000e+03
1.374000000000000000e+03
1.365000000000000000e+03
1.368000000000000000e+03
1.365000000000000000e+03
1.362000000000000000e+03
1.353000000000000000e+03
1.350000000000000000e+03
1.347000000000000000e+03
1.344000000000000000e+03
1.341000000000000000e+03
1.337000000000000000e+03
1.334000000000000000e+03
1.335000000000000000e+03
1.340000000000000000e+03
1.338000000000000000e+03
1.336000000000000000e+03
1.335000000000000000e+03
1.332000000000000000e+03
1.331000000000000000e+03
1.332000000000000000e+03
1.334000000000000000e+03
1.333000000000000000e+03
1.335000000000000000e+03
1.325000000000000000e+03
1.326000000000000000e+03
1.326000000000000000e+03
1.327000000000000000e+03
1.326000000000000000e+03
1.323000000000000000e+03
1.323000000000000000e+03
1.320000000000000000e+03
1.317000000000000000e+03
1.315000000000000000e+03
1.317000000000000000e+03
1.318000000000000000e+03
1.314000000000000000e+03
1.315000000000000000e+03
1.316000000000000000e+03
1.318000000000000000e+03
1.316000000000000000e+03
1.316000000000000000e+03
1.315000000000000000e+03
1.315000000000000000e+03
1.316000000000000000e+03
1.318000000000000000e+03
1.314000000000000000e+03
1.313000000000000000e+03
1.316000000000000000e+03
1.311000000000000000e+03
1.309000000000000000e+03
1.305000000000000000e+03
1.306000000000000000e+03
1.309000000000000000e+03
1.307000000000000000e+03
1.311000000000000000e+03
1.314000000000000000e+03
1.315000000000000000e+03
1.316000000000000000e+03
1.314000000000000000e+03
1.314000000000000000e+03
1.314000000000000000e+03
1.313000000000000000e+03
1.316000000000000000e+03
1.319000000000000000e+03
1.315000000000000000e+03
1.314000000000000000e+03
1.302000000000000000e+03
1.302000000000000000e+03
1.304000000000000000e+03
1.306000000000000000e+03
1.300000000000000000e+03
1.289000000000000000e+03
1.288000000000000000e+03
1.286000000000000000e+03
1.285000000000000000e+03
1.284000000000000000e+03
1.279000000000000000e+03
1.276000000000000000e+03
1.271000000000000000e+03
1.270000000000000000e+03
1.270000000000000000e+03
1.267000000000000000e+03
1.269000000000000000e+03
1.268000000000000000e+03
1.265000000000000000e+03
1.266000000000000000e+03
1.260000000000000000e+03
1.260000000000000000e+03
1.261000000000000000e+03
1.262000000000000000e+03
1.263000000000000000e+03
